          0.09641223426699          13.00221839765567 
          0.19282446853398           4.48493507108833 
          0.28923670280096           1.26700289839664 
          0.38564893706795           0.74615309981975 
          0.48206117133494           0.13540311965437 
          0.57847340560193           0.18864370085118 
          0.67488563986891           0.03388238871860 
          0.77129787413590           0.04059412617866 
          0.86771010840289           0.04686716822158 
          0.96412234266988           0.02278928163878 
          1.06053457693686           0.02043614715985 
          1.15694681120385           0.01118580357911 
          1.25335904547084           0.00721418097141 
          1.34977127973783           0.00793716574735 
          1.44618351400481           0.00584287349556 
          1.54259574827180           0.00454664176399 
          1.63900798253879           0.00407794522468 
          1.73542021680578           0.00307011140093 
          1.83183245107277           0.00239580678673 
          1.92824468533975           0.00244611005574 
          2.02465691960674           0.00283294306895 
          2.12106915387373           0.00220176337142 
          2.21748138814072           0.00267218092424 
          2.31389362240770           0.00195506121207 
          2.41030585667469           0.00155198365787 
          2.50671809094168           0.00149256740483 
          2.60313032520867           0.00131143898621 
          2.69954255947565           0.00103873772494 
          2.79595479374264           0.00107239648702 
          2.89236702800963           0.00125755612622 
          2.98877926227662           0.00073359034605 
          3.08519149654361           0.00091571122534 
          3.18160373081059           0.00079289135470 
          3.27801596507758           0.00061794574242 
          3.37442819934457           0.00079319049140 
          3.47084043361156           0.00065929893592 
          3.56725266787854           0.00085954395827 
          3.66366490214553           0.00064644779230 
          3.76007713641252           0.00064649877840 
          3.85648937067951           0.00059454470691 
          3.95290160494649           0.00056652556336 
          4.04931383921348           0.00061608641056 
          4.14572607348047           0.00060714245366 
          4.24213830774746           0.00056877428003 
          4.33855054201444           0.00051389690485 
          4.43496277628143           0.00037786708937 
          4.53137501054842           0.00040213592822 
          4.62778724481541           0.00037678333505 
          4.72419947908240           0.00026644462714 
          4.82061171334938           0.00032529564621 
          4.91702394761637           0.00022423187347 
          5.01343618188336           0.00020504644864 
          5.10984841615035           0.00020968921664 
          5.20626065041733           0.00016430899799 
          5.30267288468432           0.00013219326827 
          5.39908511895131           0.00012296326037 
          5.49549735321830           0.00010051710283 
          5.59190958748528           0.00007455414245 
          5.68832182175227           0.00007837771742 
          5.78473405601926           0.00006933859672 
          5.88114629028625           0.00005529115343 
          5.97755852455323           0.00006087988410 
          6.07397075882022           0.00006031327501 
