          0.09745905548596          19.52072334438561 
          0.19491811097191           5.25993920632584 
          0.29237716645787           1.00808320658611 
          0.38983622194382           0.30699609526035 
          0.48729527742978           0.27764632536804 
          0.58475433291574           0.10011971703383 
          0.68221338840169           0.05635449366098 
          0.77967244388765           0.02202765328024 
          0.87713149937360           0.02289485772089 
          0.97459055485956           0.02135204985668 
          1.07204961034552           0.01338555132407 
          1.16950866583147           0.00814181005009 
          1.26696772131743           0.00772011726764 
          1.36442677680338           0.00724312884229 
          1.46188583228934           0.00551331740681 
          1.55934488777530           0.00500858676434 
          1.65680394326125           0.00285010568242 
          1.75426299874721           0.00334514817464 
          1.85172205423316           0.00316112226792 
          1.94918110971912           0.00165868363868 
          2.04664016520508           0.00268079333338 
          2.14409922069103           0.00183779120989 
          2.24155827617699           0.00117341794103 
          2.33901733166295           0.00133051285352 
          2.43647638714890           0.00161504802418 
          2.53393544263486           0.00186160760697 
          2.63139449812081           0.00125595863554 
          2.72885355360677           0.00131804169837 
          2.82631260909273           0.00099958060716 
          2.92377166457868           0.00096149383533 
          3.02123072006464           0.00109800506484 
          3.11868977555059           0.00075765755230 
          3.21614883103655           0.00078563868859 
          3.31360788652251           0.00080053033148 
          3.41106694200846           0.00071780500627 
          3.50852599749442           0.00078699891494 
          3.60598505298037           0.00067599924610 
          3.70344410846633           0.00058562735977 
          3.80090316395229           0.00075141375209 
          3.89836221943824           0.00055845396633 
          3.99582127492420           0.00062820077490 
          4.09328033041015           0.00049386729449 
          4.19073938589611           0.00045216447873 
          4.28819844138207           0.00044020634913 
          4.38565749686802           0.00043042645163 
          4.48311655235398           0.00039487624624 
          4.58057560783993           0.00033661508081 
          4.67803466332589           0.00036559522429 
          4.77549371881185           0.00024826420448 
          4.87295277429780           0.00025055989023 
          4.97041182978376           0.00024685830157 
          5.06787088526971           0.00018495999343 
          5.16532994075567           0.00017880198224 
          5.26278899624163           0.00016196423333 
          5.36024805172758           0.00012742158191 
          5.45770710721354           0.00013006040270 
          5.55516616269949           0.00010433455876 
          5.65262521818545           0.00007942381645 
          5.75008427367141           0.00006922566943 
          5.84754332915736           0.00005164480522 
          5.94500238464332           0.00005200926096 
          6.04246144012927           0.00004977864296 
