          0.09962240854891          25.19634797838720 
          0.19924481709781           6.15773975883940 
          0.29886722564672           2.31802546793323 
          0.39848963419563           1.10206929564422 
          0.49811204274454           0.78460386862980 
          0.59773445129344           0.38034356933633 
          0.69735685984235           0.13828381904025 
          0.79697926839126           0.12845444767974 
          0.89660167694017           0.10653368577771 
          0.99622408548907           0.04160249895616 
          1.09584649403798           0.03791773146071 
          1.19546890258689           0.03577940021380 
          1.29509131113580           0.01627529563518 
          1.39471371968470           0.01776586828045 
          1.49433612823361           0.01341206040798 
          1.59395853678252           0.01443334585227 
          1.69358094533143           0.01188569597476 
          1.79320335388033           0.00854529919326 
          1.89282576242924           0.01193207800202 
          1.99244817097815           0.00735380839040 
          2.09207057952705           0.00647631756439 
          2.19169298807596           0.00539242484580 
          2.29131539662487           0.00532720133050 
          2.39093780517378           0.00457760200075 
          2.49056021372268           0.00352514282753 
          2.59018262227159           0.00333075994204 
          2.68980503082050           0.00331265271772 
          2.78942743936941           0.00324510377657 
          2.88904984791831           0.00245523543052 
          2.98867225646722           0.00243973558418 
          3.08829466501613           0.00233602398020 
          3.18791707356504           0.00217839976639 
          3.28753948211394           0.00205399034005 
          3.38716189066285           0.00159657744752 
          3.48678429921176           0.00206314723235 
          3.58640670776066           0.00168546621606 
          3.68602911630957           0.00175438366857 
          3.78565152485848           0.00144051369808 
          3.88527393340739           0.00155028733706 
          3.98489634195629           0.00149627994504 
          4.08451875050520           0.00136914100291 
          4.18414115905411           0.00129275629772 
          4.28376356760302           0.00121314146096 
          4.38338597615192           0.00108304630209 
          4.48300838470083           0.00123149906038 
          4.58263079324974           0.00077753457313 
          4.68225320179865           0.00098443678934 
          4.78187561034755           0.00071549995653 
          4.88149801889646           0.00077011452860 
          4.98112042744537           0.00071797899357 
          5.08074283599427           0.00063065448247 
          5.18036524454318           0.00062816896663 
          5.27998765309209           0.00064712707819 
          5.37961006164100           0.00055297013195 
          5.47923247018990           0.00048451360274 
          5.57885487873881           0.00051717300094 
          5.67847728728772           0.00046902602108 
          5.77809969583663           0.00046170322848 
          5.87772210438553           0.00040415354627 
          5.97734451293444           0.00041758761809 
          6.07696692148335           0.00038683627018 
