          0.09548913840698          24.97210224351435 
          0.19097827681397           3.99479744925156 
          0.28646741522095           0.98996673275091 
          0.38195655362794           0.42236901930653 
          0.47744569203492           0.26625912194133 
          0.57293483044191           0.15033751846067 
          0.66842396884889           0.07023095205392 
          0.76391310725588           0.04290354793702 
          0.85940224566286           0.03324841728338 
          0.95489138406985           0.02218267654611 
          1.05038052247683           0.01408561233207 
          1.14586966088382           0.01603005687037 
          1.24135879929080           0.00993812759442 
          1.33684793769778           0.01026740444617 
          1.43233707610477           0.00814790844983 
          1.52782621451175           0.00509236396303 
          1.62331535291874           0.00697292915525 
          1.71880449132572           0.00567806800677 
          1.81429362973271           0.00378979333350 
          1.90978276813969           0.00362606138775 
          2.00527190654668           0.00411061996278 
          2.10076104495366           0.00286103206389 
          2.19625018336065           0.00293854169132 
          2.29173932176763           0.00276568949851 
          2.38722846017462           0.00212578744814 
          2.48271759858160           0.00215771239474 
          2.57820673698858           0.00166097589378 
          2.67369587539557           0.00142730525218 
          2.76918501380255           0.00141547888283 
          2.86467415220954           0.00126064055869 
          2.96016329061652           0.00137890688181 
          3.05565242902351           0.00109034240771 
          3.15114156743049           0.00124450526112 
          3.24663070583748           0.00092084296223 
          3.34211984424446           0.00097671267224 
          3.43760898265145           0.00095146534296 
          3.53309812105843           0.00069076074727 
          3.62858725946541           0.00087988906037 
          3.72407639787240           0.00060584956372 
          3.81956553627938           0.00061801180317 
          3.91505467468637           0.00053727322867 
          4.01054381309335           0.00051763008463 
          4.10603295150034           0.00048431423588 
          4.20152208990732           0.00039758371348 
          4.29701122831431           0.00032874313393 
          4.39250036672129           0.00033180941817 
          4.48798950512828           0.00029395730844 
          4.58347864353526           0.00028879026993 
          4.67896778194225           0.00016993707753 
          4.77445692034923           0.00015900748198 
          4.86994605875621           0.00015439880275 
          4.96543519716320           0.00015605996823 
          5.06092433557018           0.00012099134704 
          5.15641347397717           0.00010803265816 
          5.25190261238415           0.00008139398988 
          5.34739175079114           0.00008590369907 
          5.44288088919812           0.00007749245351 
          5.53837002760511           0.00005725083566 
          5.63385916601209           0.00005424834825 
          5.72934830441908           0.00004489746415 
          5.82483744282606           0.00004225684219 
          5.92032658123305           0.00003058873788 
          6.01581571964003           0.00003080200367 
          6.11130485804701           0.00002376813127 
          6.20679399645400           0.00001999217030 
          6.30228313486098           0.00002137943101 
          6.39777227326797           0.00001729729742 
          6.49326141167495           0.00001679435233 
          6.58875055008194           0.00001413604383 
          6.68423968848892           0.00001240000001 
          6.77972882689591           0.00001091616011 
          6.87521796530289           0.00001105758759 
          6.97070710370988           0.00000892799605 
          7.06619624211686           0.00000859870087 
          7.16168538052384           0.00000781068501 
          7.25717451893083           0.00000755046623 
          7.35266365733781           0.00000691224927 
          7.44815279574480           0.00000693027777 
          7.54364193415178           0.00000681006531 
          7.63913107255877           0.00000603617396 
          7.73462021096575           0.00000579298926 
          7.83010934937274           0.00000648323344 
          7.92559848777972           0.00000596688383 
          8.02108762618671           0.00000538608848 
          8.11657676459369           0.00000600831759 
          8.21206590300068           0.00000572563509 
          8.30755504140766           0.00000482636365 
          8.40304417981464           0.00000581155624 
          8.49853331822163           0.00000445786365 
          8.59402245662861           0.00000494652031 
          8.68951159503560           0.00000533164291 
          8.78500073344258           0.00000467473479 
          8.88048987184957           0.00000441614130 
          8.97597901025655           0.00000465242575 
          9.07146814866354           0.00000468363649 
          9.16695728707052           0.00000447385846 
          9.26244642547751           0.00000446466700 
          9.35793556388449           0.00000408258278 
          9.45342470229148           0.00000434818513 
          9.54891384069846           0.00000441907496 
          9.64440297910545           0.00000340460426 
          9.73989211751243           0.00000390674843 
          9.83538125591941           0.00000437539346 
          9.93087039432640           0.00000393971344 
         10.02635953273338           0.00000387889037 
         10.12184867114037           0.00000377641884 
         10.21733780954735           0.00000383028001 
         10.31282694795434           0.00000335317738 
         10.40831608636132           0.00000379081238 
         10.50380522476831           0.00000357169718 
         10.59929436317529           0.00000315742999 
         10.69478350158228           0.00000323199898 
         10.79027263998926           0.00000304126119 
         10.88576177839624           0.00000277425104 
         10.98125091680323           0.00000305289754 
         11.07674005521021           0.00000282785518 
         11.17222919361720           0.00000293965176 
         11.26771833202418           0.00000269804107 
         11.36320747043117           0.00000226984704 
         11.45869660883815           0.00000254445826 
         11.55418574724514           0.00000245615376 
         11.64967488565212           0.00000233472715 
         11.74516402405911           0.00000213071788 
         11.84065316246609           0.00000211911724 
         11.93614230087307           0.00000204424750 
         12.03163143928006           0.00000222543240 
         12.12712057768705           0.00000181123266 
         12.22260971609403           0.00000181523305 
         12.31809885450101           0.00000196074882 
         12.41358799290800           0.00000160836967 
         12.50907713131498           0.00000171028444 
         12.60456626972197           0.00000158916416 
         12.70005540812895           0.00000156674644 
         12.79554454653594           0.00000151112381 
         12.89103368494292           0.00000143705042 
         12.98652282334991           0.00000146020444 
         13.08201196175689           0.00000138979683 
         13.17750110016388           0.00000134515404 
         13.27299023857086           0.00000134166506 
         13.36847937697784           0.00000135115099 
         13.46396851538483           0.00000129869542 
         13.55945765379181           0.00000124289410 
         13.65494679219880           0.00000113747186 
         13.75043593060578           0.00000108716946 
         13.84592506901277           0.00000108485839 
         13.94141420741975           0.00000102790387 
         14.03690334582674           0.00000101441450 
         14.13239248423372           0.00000100475772 
         14.22788162264071           0.00000104100918 
         14.32337076104769           0.00000097515403 
         14.41885989945467           0.00000096488671 
         14.51434903786166           0.00000092149204 
         14.60983817626864           0.00000084808568 
         14.70532731467563           0.00000081996441 
         14.80081645308261           0.00000087109198 
         14.89630559148960           0.00000083860615 
         14.99179472989658           0.00000082627651 
         15.08728386830357           0.00000085041261 
         15.18277300671055           0.00000078978041 
         15.27826214511754           0.00000077229174 
         15.37375128352452           0.00000069933706 
         15.46924042193150           0.00000076705812 
         15.56472956033849           0.00000075176080 
         15.66021869874547           0.00000073556862 
         15.75570783715246           0.00000068691960 
         15.85119697555945           0.00000066589087 
         15.94668611396643           0.00000072010563 
         16.04217525237342           0.00000067000199 
         16.13766439078040           0.00000063939120 
         16.23315352918738           0.00000065813511 
         16.32864266759437           0.00000060915465 
         16.42413180600135           0.00000063516025 
         16.51962094440833           0.00000055432238 
         16.61511008281532           0.00000057014658 
         16.71059922122230           0.00000061944777 
         16.80608835962929           0.00000057308419 
         16.90157749803628           0.00000055078965 
         16.99706663644326           0.00000050855649 
         17.09255577485024           0.00000052401261 
         17.18804491325723           0.00000052337555 
         17.28353405166421           0.00000052430752 
         17.37902319007120           0.00000050600077 
         17.47451232847818           0.00000047671908 
         17.57000146688517           0.00000048944493 
         17.66549060529215           0.00000046111517 
         17.76097974369914           0.00000044681928 
         17.85646888210612           0.00000046210835 
         17.95195802051311           0.00000044723528 
         18.04744715892009           0.00000043842095 
         18.14293629732708           0.00000043366193 
         18.23842543573406           0.00000042476498 
         18.33391457414104           0.00000041656059 
         18.42940371254803           0.00000041416366 
         18.52489285095501           0.00000040704599 
         18.62038198936200           0.00000036824260 
         18.71587112776898           0.00000038300761 
         18.81136026617596           0.00000038647551 
         18.90684940458295           0.00000037535208 
         19.00233854298994           0.00000035505769 
         19.09782768139692           0.00000034839880 
         19.19331681980390           0.00000035324672 
         19.28880595821089           0.00000035389149 
         19.38429509661787           0.00000032824960 
         19.47978423502486           0.00000033650497 
         19.57527337343184           0.00000032697434 
         19.67076251183883           0.00000032355710 
         19.76625165024581           0.00000030830649 
         19.86174078865280           0.00000030999475 
         19.95722992705978           0.00000029846965 
         20.05271906546677           0.00000030487558 
         20.14820820387375           0.00000028510538 
         20.24369734228074           0.00000028341720 
         20.33918648068772           0.00000028341770 
         20.43467561909471           0.00000027846172 
         20.53016475750169           0.00000028162483 
         20.62565389590867           0.00000026328818 
         20.72114303431566           0.00000025350994 
         20.81663217272264           0.00000025687660 
         20.91212131112963           0.00000024922371 
         21.00761044953661           0.00000025553779 
         21.10309958794360           0.00000024784439 
         21.19858872635058           0.00000023051972 
         21.29407786475757           0.00000023714490 
         21.38956700316455           0.00000023638092 
         21.48505614157153           0.00000022991166 
         21.58054527997852           0.00000023190983 
         21.67603441838550           0.00000022809096 
         21.77152355679249           0.00000021602076 
         21.86701269519947           0.00000021446011 
         21.96250183360646           0.00000021653111 
         22.05799097201344           0.00000021237584 
         22.15348011042043           0.00000020950235 
         22.24896924882741           0.00000020734814 
         22.34445838723440           0.00000020127008 
         22.43994752564138           0.00000020798685 
         22.53543666404837           0.00000019685853 
         22.63092580245535           0.00000019042075 
         22.72641494086233           0.00000019801083 
         22.82190407926932           0.00000018747883 
         22.91739321767630           0.00000019015061 
         23.01288235608329           0.00000017380675 
         23.10837149449028           0.00000017813336 
         23.20386063289726           0.00000018193839 
         23.29934977130424           0.00000017360382 
         23.39483890971123           0.00000017745744 
         23.49032804811821           0.00000016276346 
         23.58581718652519           0.00000016772047 
         23.68130632493218           0.00000017569072 
         23.77679546333916           0.00000016425826 
         23.87228460174615           0.00000016513792 
         23.96777374015314           0.00000015248511 
         24.06326287856012           0.00000015356678 
         24.15875201696710           0.00000015752079 
         24.25424115537409           0.00000015424654 
         24.34973029378107           0.00000014959351 
         24.44521943218806           0.00000015177380 
         24.54070857059504           0.00000015399724 
         24.63619770900203           0.00000014436028 
         24.73168684740901           0.00000014952067 
         24.82717598581600           0.00000014627165 
         24.92266512422298           0.00000014325513 
         25.01815426262997           0.00000014258973 
         25.11364340103695           0.00000013925338 
         25.20913253944394           0.00000014090385 
         25.30462167785092           0.00000013568736 
         25.40011081625790           0.00000013650077 
         25.49559995466489           0.00000013675237 
         25.59108909307187           0.00000013433426 
         25.68657823147886           0.00000013611968 
         25.78206736988584           0.00000013239482 
         25.87755650829282           0.00000012535453 
         25.97304564669981           0.00000012908711 
         26.06853478510680           0.00000012894224 
         26.16402392351378           0.00000012950362 
         26.25951306192076           0.00000012204663 
         26.35500220032775           0.00000012281353 
         26.45049133873473           0.00000012215851 
         26.54598047714172           0.00000012420380 
         26.64146961554870           0.00000012284168 
         26.73695875395569           0.00000011745567 
         26.83244789236267           0.00000012245124 
         26.92793703076966           0.00000011683466 
         27.02342616917664           0.00000012056106 
         27.11891530758363           0.00000011502141 
         27.21440444599061           0.00000011570256 
         27.30989358439760           0.00000011990473 
         27.40538272280458           0.00000011352464 
         27.50087186121156           0.00000011365230 
         27.59636099961855           0.00000011186993 
         27.69185013802553           0.00000011080383 
         27.78733927643252           0.00000011467810 
         27.88282841483950           0.00000010971540 
         27.97831755324648           0.00000010955569 
         28.07380669165347           0.00000011079952 
         28.16929583006046           0.00000011046697 
         28.26478496846744           0.00000010611238 
         28.36027410687442           0.00000010561322 
         28.45576324528141           0.00000010885027 
         28.55125238368839           0.00000010469545 
         28.64674152209538           0.00000010636885 
         28.74223066050236           0.00000010718980 
         28.83771979890935           0.00000010036403 
         28.93320893731633           0.00000010691444 
         29.02869807572332           0.00000010382115 
         29.12418721413030           0.00000010032557 
         29.21967635253729           0.00000010480808 
         29.31516549094427           0.00000009823853 
         29.41065462935126           0.00000010345807 
         29.50614376775824           0.00000009626944 
         29.60163290616523           0.00000009985294 
         29.69712204457221           0.00000010050230 
         29.79261118297919           0.00000009979148 
         29.88810032138618           0.00000009984121 
         29.98358945979316           0.00000009389569 
         30.07907859820015           0.00000009759107 
         30.17456773660713           0.00000009786871 
         30.27005687501412           0.00000009816189 
         30.36554601342110           0.00000009558150 
         30.46103515182809           0.00000009655912 
         30.55652429023507           0.00000009684343 
         30.65201342864206           0.00000009498482 
         30.74750256704904           0.00000009238745 
         30.84299170545603           0.00000009320984 
         30.93848084386301           0.00000009448730 
         31.03396998226999           0.00000009428321 
         31.12945912067698           0.00000009396951 
         31.22494825908397           0.00000009346912 
         31.32043739749095           0.00000009160676 
