          0.08227295151473        1324.43323692005220 
          0.16454590302945          48.77966338536316 
          0.24681885454418           5.62604850612560 
          0.32909180605890           3.56271859463764 
          0.41136475757363           2.05734758903723 
          0.49363770908835           0.79217932150422 
          0.57591066060308           0.40494136718164 
          0.65818361211780           0.29205682053333 
          0.74045656363253           0.16691531598139 
          0.82272951514725           0.13675571978409 
          0.90500246666198           0.07045534733624 
          0.98727541817671           0.07376851282070 
          1.06954836969143           0.03768295489546 
          1.15182132120616           0.04082507736059 
          1.23409427272088           0.02578795496177 
          1.31636722423561           0.01814127959935 
          1.39864017575033           0.01997527730680 
          1.48091312726506           0.01538127684013 
          1.56318607877978           0.01096624895266 
          1.64545903029451           0.00895046634232 
          1.72773198180924           0.00972453067344 
          1.81000493332396           0.00884832558877 
          1.89227788483869           0.00659229196615 
          1.97455083635341           0.00577483254592 
          2.05682378786814           0.00540245904369 
          2.13909673938286           0.00357988705686 
          2.22136969089759           0.00331990015037 
          2.30364264241231           0.00303521792409 
          2.38591559392704           0.00301499257710 
          2.46818854544176           0.00250587548686 
          2.55046149695649           0.00246523812274 
          2.63273444847122           0.00176193136815 
          2.71500739998594           0.00188367635216 
          2.79728035150067           0.00160081526352 
          2.87955330301539           0.00164539717044 
          2.96182625453012           0.00105555448316 
          3.04409920604484           0.00111234311032 
          3.12637215755957           0.00102829254198 
          3.20864510907429           0.00097537411323 
          3.29091806058902           0.00085456442023 
          3.37319101210374           0.00074967971123 
          3.45546396361847           0.00069452700098 
          3.53773691513320           0.00061452830766 
          3.62000986664792           0.00049947758121 
          3.70228281816265           0.00044958944363 
          3.78455576967737           0.00039843083851 
          3.86682872119210           0.00037084245872 
          3.94910167270682           0.00037166283691 
          4.03137462422155           0.00038014861089 
          4.11364757573627           0.00032406690108 
          4.19592052725100           0.00022764157667 
          4.27819347876573           0.00024712925833 
          4.36046643028045           0.00022694041379 
          4.44273938179518           0.00021041777011 
          4.52501233330990           0.00015805721489 
          4.60728528482463           0.00014661068528 
          4.68955823633935           0.00016075416393 
          4.77183118785408           0.00013776779518 
          4.85410413936880           0.00011599416760 
          4.93637709088353           0.00011483441643 
          5.01865004239825           0.00010409149584 
          5.10092299391298           0.00009547239208 
          5.18319594542771           0.00007671266832 
          5.26546889694243           0.00007637471247 
          5.34774184845716           0.00007841833481 
          5.43001479997188           0.00007017595291 
          5.51228775148661           0.00007031300063 
          5.59456070300133           0.00005583895066 
          5.67683365451606           0.00006464856491 
          5.75910660603078           0.00005903033182 
          5.84137955754551           0.00005614259358 
          5.92365250906024           0.00005022880481 
          6.00592546057496           0.00005289802543 
          6.08819841208969           0.00005070166188 
