          0.08079189028134          43.97414612304399 
          0.16158378056267          27.14986316314077 
          0.24237567084401           8.36837958861709 
          0.32316756112535           3.23572504106310 
          0.40395945140669           1.78007674404776 
          0.48475134168802           0.95462627964374 
          0.56554323196936           0.54640531424037 
          0.64633512225070           0.20530541654621 
          0.72712701253203           0.14368555677068 
          0.80791890281337           0.13498588642303 
          0.88871079309471           0.09994391914716 
          0.96950268337605           0.04100835431609 
          1.05029457365738           0.05388728975812 
          1.13108646393872           0.04525395703978 
          1.21187835422006           0.02871480822555 
          1.29267024450139           0.02335421434344 
          1.37346213478273           0.01931991131707 
          1.45425402506407           0.01246237581412 
          1.53504591534540           0.01468863578612 
          1.61583780562674           0.01083360589072 
          1.69662969590808           0.01026307554694 
          1.77742158618942           0.00780036449398 
          1.85821347647075           0.00737844510730 
          1.93900536675209           0.00596122911638 
          2.01979725703343           0.00473828850291 
          2.10058914731477           0.00371768526210 
          2.18138103759610           0.00311322176273 
          2.26217292787744           0.00373190569047 
          2.34296481815878           0.00321731775388 
          2.42375670844011           0.00309481440637 
          2.50454859872145           0.00227754135632 
          2.58534048900279           0.00183134093256 
          2.66613237928412           0.00175578405198 
          2.74692426956546           0.00186689768766 
          2.82771615984680           0.00156100213302 
          2.90850805012814           0.00137935822039 
          2.98929994040947           0.00119688167263 
          3.07009183069081           0.00113471063734 
          3.15088372097215           0.00144819270085 
          3.23167561125348           0.00107681092234 
          3.31246750153482           0.00084578392745 
          3.39325939181616           0.00073806988414 
          3.47405128209750           0.00070225039335 
          3.55484317237883           0.00071610486388 
          3.63563506266017           0.00048871876244 
          3.71642695294151           0.00046825607932 
          3.79721884322284           0.00039360282903 
          3.87801073350418           0.00039209938797 
          3.95880262378552           0.00034007692194 
          4.03959451406686           0.00037192111200 
          4.12038640434819           0.00034673414927 
          4.20117829462953           0.00031105003595 
          4.28197018491087           0.00027296641203 
          4.36276207519220           0.00020865699447 
          4.44355396547354           0.00019358913336 
          4.52434585575488           0.00014984110010 
          4.60513774603622           0.00016718376854 
          4.68592963631755           0.00018614754598 
          4.76672152659889           0.00014557064841 
          4.84751341688023           0.00011572100916 
          4.92830530716156           0.00012539859867 
          5.00909719744290           0.00010012774958 
          5.08988908772424           0.00010002337613 
          5.17068097800557           0.00009543752182 
          5.25147286828691           0.00008939088863 
          5.33226475856825           0.00008554007501 
          5.41305664884959           0.00006901523473 
          5.49384853913092           0.00007167787143 
          5.57464042941226           0.00006957421703 
          5.65543231969360           0.00006323770514 
          5.73622420997493           0.00005600599744 
          5.81701610025627           0.00005279492366 
          5.89780799053761           0.00005580918968 
          5.97859988081895           0.00005270899457 
          6.05939177110028           0.00004715218372 
          6.14018366138162           0.00004711688761 
