          0.09448398958165          14.59232025100936 
          0.18896797916330           4.14837873689754 
          0.28345196874494           0.42894401523445 
          0.37793595832659           0.36848220680776 
          0.47241994790824           0.15790857784229 
          0.56690393748989           0.14268842379929 
          0.66138792707154           0.06294998352889 
          0.75587191665318           0.04977493093326 
          0.85035590623483           0.02790546538512 
          0.94483989581648           0.01868565637455 
          1.03932388539813           0.01423330197137 
          1.13380787497977           0.01040407840398 
          1.22829186456142           0.00694266706425 
          1.32277585414307           0.00759958759604 
          1.41725984372472           0.00418840554342 
          1.51174383330637           0.00470952464991 
          1.60622782288801           0.00578918297298 
          1.70071181246966           0.00364239095577 
          1.79519580205131           0.00356142739640 
          1.88967979163296           0.00255005755794 
          1.98416378121461           0.00291528987025 
          2.07864777079625           0.00231244844752 
          2.17313176037790           0.00200383223282 
          2.26761574995955           0.00213547791529 
          2.36209973954120           0.00186243468726 
          2.45658372912285           0.00166495411929 
          2.55106771870449           0.00191694185236 
          2.64555170828614           0.00155727114223 
          2.74003569786779           0.00158495728595 
          2.83451968744944           0.00081786231617 
          2.92900367703109           0.00091417937024 
          3.02348766661273           0.00111924286453 
          3.11797165619438           0.00101787836019 
          3.21245564577603           0.00084363174478 
          3.30693963535768           0.00071108238855 
          3.40142362493933           0.00059213249501 
          3.49590761452097           0.00066024415079 
          3.59039160410262           0.00051005785399 
          3.68487559368427           0.00051219711921 
          3.77935958326592           0.00038827883357 
          3.87384357284756           0.00035719941219 
          3.96832756242921           0.00034198914427 
          4.06281155201086           0.00037451123882 
          4.15729554159251           0.00027075269102 
          4.25177953117416           0.00024671869878 
          4.34626352075580           0.00021487083634 
          4.44074751033745           0.00024040606508 
          4.53523149991910           0.00019305387022 
          4.62971548950075           0.00015244379484 
          4.72419947908240           0.00014331754015 
          4.81868346866404           0.00011948501869 
          4.91316745824569           0.00011333051540 
          5.00765144782734           0.00008577363351 
          5.10213543740899           0.00008484115367 
          5.19661942699064           0.00007149673874 
          5.29110341657228           0.00006218297247 
          5.38558740615393           0.00005761980731 
          5.48007139573558           0.00004234844592 
          5.57455538531723           0.00003217786911 
          5.66903937489887           0.00003257778349 
          5.76352336448052           0.00002695904463 
          5.85800735406217           0.00002196602020 
          5.95249134364382           0.00002143306939 
          6.04697533322547           0.00001871909525 
          6.14145932280711           0.00001733371040 
          6.23594331238876           0.00001385933584 
          6.33042730197041           0.00001304073456 
          6.42491129155206           0.00001188073278 
          6.51939528113371           0.00000986622336 
          6.61387927071535           0.00000818825439 
          6.70836326029700           0.00000882370211 
          6.80284724987865           0.00000714592619 
          6.89733123946030           0.00000694774927 
          6.99181522904195           0.00000676931785 
          7.08629921862359           0.00000539382600 
          7.18078320820524           0.00000579475546 
          7.27526719778689           0.00000559801149 
          7.36975118736854           0.00000536281740 
          7.46423517695019           0.00000493290974 
          7.55871916653183           0.00000422756148 
          7.65320315611348           0.00000468398104 
          7.74768714569513           0.00000413821884 
          7.84217113527678           0.00000432870680 
          7.93665512485842           0.00000348982014 
          8.03113911444007           0.00000374555176 
          8.12562310402172           0.00000393469278 
          8.22010709360337           0.00000384009666 
          8.31459108318502           0.00000412206008 
          8.40907507276667           0.00000346955726 
          8.50355906234831           0.00000392901926 
          8.59804305192996           0.00000367925102 
          8.69252704151161           0.00000376615502 
          8.78701103109326           0.00000354491963 
          8.88149502067490           0.00000321716455 
          8.97597901025655           0.00000383676548 
          9.07046299983820           0.00000335547409 
          9.16494698941985           0.00000390204451 
          9.25943097900150           0.00000375827980 
          9.35391496858314           0.00000324668314 
          9.44839895816479           0.00000338435390 
          9.54288294774644           0.00000322046370 
          9.63736693732809           0.00000314607638 
          9.73185092690973           0.00000345270034 
          9.82633491649138           0.00000337981375 
          9.92081890607303           0.00000316015514 
         10.01530289565468           0.00000340721489 
         10.10978688523633           0.00000321724980 
         10.20427087481797           0.00000362576925 
         10.29875486439962           0.00000305507458 
         10.39323885398127           0.00000321429288 
         10.48772284356292           0.00000278816561 
         10.58220683314457           0.00000317979023 
         10.67669082272621           0.00000290088465 
         10.77117481230786           0.00000295303706 
         10.86565880188951           0.00000293546396 
         10.96014279147116           0.00000293983268 
         11.05462678105281           0.00000279300513 
         11.14911077063445           0.00000275933027 
         11.24359476021610           0.00000262858943 
         11.33807874979775           0.00000271325775 
         11.43256273937940           0.00000269962566 
         11.52704672896105           0.00000279463182 
         11.62153071854269           0.00000233329968 
         11.71601470812434           0.00000257763629 
         11.81049869770599           0.00000235624440 
         11.90498268728764           0.00000236173283 
         11.99946667686929           0.00000221312636 
         12.09395066645093           0.00000224107319 
         12.18843465603258           0.00000229349689 
         12.28291864561423           0.00000225035083 
         12.37740263519588           0.00000217477740 
         12.47188662477753           0.00000213423588 
         12.56637061435917           0.00000205732649 
         12.66085460394082           0.00000206464452 
         12.75533859352247           0.00000185384951 
         12.84982258310412           0.00000196266616 
         12.94430657268577           0.00000191562202 
         13.03879056226741           0.00000182365617 
         13.13327455184906           0.00000200021667 
         13.22775854143071           0.00000183888656 
         13.32224253101236           0.00000183936431 
         13.41672652059400           0.00000184217343 
         13.51121051017565           0.00000175127931 
         13.60569449975730           0.00000182868904 
         13.70017848933895           0.00000169823711 
         13.79466247892059           0.00000175140616 
         13.88914646850224           0.00000175525957 
         13.98363045808389           0.00000169853383 
         14.07811444766554           0.00000167688829 
         14.17259843724719           0.00000167769838 
         14.26708242682883           0.00000175722742 
         14.36156641641048           0.00000168904460 
         14.45605040599213           0.00000162748521 
         14.55053439557378           0.00000151194071 
         14.64501838515543           0.00000154804118 
         14.73950237473707           0.00000157517839 
         14.83398636431872           0.00000145612901 
         14.92847035390037           0.00000160135667 
         15.02295434348202           0.00000153947719 
         15.11743833306367           0.00000150871211 
         15.21192232264531           0.00000146867391 
         15.30640631222696           0.00000144436770 
         15.40089030180861           0.00000152320876 
         15.49537429139026           0.00000143564570 
         15.58985828097191           0.00000146800005 
         15.68434227055356           0.00000133893571 
