          0.09448398958165       47156.07503602307400 
          0.18896797916330         185.54947798871711 
          0.28345196874494          63.49224880761441 
          0.37793595832659           7.56146713003499 
          0.47241994790824           3.60504507636335 
          0.56690393748989           1.09876620340016 
          0.66138792707154           0.56885282683249 
          0.75587191665318           0.37005767819101 
          0.85035590623483           0.34782638635431 
          0.94483989581648           0.17310261290436 
          1.03932388539813           0.10446903507376 
          1.13380787497977           0.08297545716982 
          1.22829186456142           0.04976501741480 
          1.32277585414307           0.05455647067880 
          1.41725984372472           0.04908453624464 
          1.51174383330637           0.02812701777593 
          1.60622782288801           0.02636828663112 
          1.70071181246966           0.01856367616251 
          1.79519580205131           0.01859504819352 
          1.88967979163296           0.01588481404957 
          1.98416378121461           0.01141606083764 
          2.07864777079625           0.00920303224104 
          2.17313176037790           0.01080721892268 
          2.26761574995955           0.00692626567701 
          2.36209973954120           0.00533577427541 
          2.45658372912285           0.00382563475156 
          2.55106771870449           0.00518016020571 
          2.64555170828614           0.00543152305942 
          2.74003569786779           0.00421962294935 
          2.83451968744944           0.00355580304216 
          2.92900367703109           0.00293873443604 
          3.02348766661273           0.00315802679612 
          3.11797165619438           0.00221710959241 
          3.21245564577603           0.00248669957673 
          3.30693963535768           0.00180823578324 
          3.40142362493933           0.00230312833235 
          3.49590761452097           0.00169100986220 
          3.59039160410262           0.00150521108533 
          3.68487559368427           0.00148817656787 
          3.77935958326592           0.00129754397180 
          3.87384357284756           0.00113537865733 
          3.96832756242921           0.00111327720063 
          4.06281155201086           0.00077418585186 
          4.15729554159251           0.00093072073115 
          4.25177953117416           0.00068078860982 
          4.34626352075580           0.00085997786128 
          4.44074751033745           0.00069147336911 
          4.53523149991910           0.00053595915728 
          4.62971548950075           0.00055445396786 
          4.72419947908240           0.00041810256904 
          4.81868346866404           0.00055249175276 
          4.91316745824569           0.00042507946223 
          5.00765144782734           0.00040531005384 
          5.10213543740899           0.00042591870043 
          5.19661942699064           0.00029681517694 
          5.29110341657228           0.00028756387383 
          5.38558740615393           0.00029476219674 
          5.48007139573558           0.00030988911483 
          5.57455538531723           0.00032533946939 
          5.66903937489887           0.00020950203771 
          5.76352336448052           0.00018053778794 
          5.85800735406217           0.00023151401783 
          5.95249134364382           0.00023320819358 
          6.04697533322547           0.00020739285819 
          6.14145932280711           0.00022518580209 
