          0.09448398958165          32.20617690070812 
          0.18896797916330           1.62624353847580 
          0.28345196874494           0.92174169127173 
          0.37793595832659           0.17464643060922 
          0.47241994790824           0.26927651122940 
          0.56690393748989           0.13010597149838 
          0.66138792707154           0.08669153769704 
          0.75587191665318           0.04031847517888 
          0.85035590623483           0.02874793771298 
          0.94483989581648           0.02899544512689 
          1.03932388539813           0.03110895955103 
          1.13380787497977           0.01957451855933 
          1.22829186456142           0.01768767356865 
          1.32277585414307           0.01070007498661 
          1.41725984372472           0.01099232980944 
          1.51174383330637           0.01383160078742 
          1.60622782288801           0.00598901389680 
          1.70071181246966           0.00676194453228 
          1.79519580205131           0.00690297087505 
          1.88967979163296           0.00416575061032 
          1.98416378121461           0.00407902554436 
          2.07864777079625           0.00436274850059 
          2.17313176037790           0.00425133800031 
          2.26761574995955           0.00385889292779 
          2.36209973954120           0.00292184060189 
          2.45658372912285           0.00228312160667 
          2.55106771870449           0.00342121700446 
          2.64555170828614           0.00290249303559 
          2.74003569786779           0.00288269753367 
          2.83451968744944           0.00275539274913 
          2.92900367703109           0.00233067617209 
          3.02348766661273           0.00282344815332 
          3.11797165619438           0.00219543244093 
