          0.09756498924192          39.28271759243135 
          0.19512997848384           5.92297006139323 
          0.29269496772576           0.38289906523785 
          0.39025995696768           0.32956281885520 
          0.48782494620960           0.11048980072657 
          0.58538993545151           0.04734744640880 
          0.68295492469343           0.04396339702433 
          0.78051991393535           0.02292443517135 
          0.87808490317727           0.01671593174015 
          0.97564989241919           0.01058827403990 
          1.07321488166111           0.00411386398721 
          1.17077987090303           0.00599957823975 
          1.26834486014495           0.00551137551420 
          1.36590984938687           0.00374611341850 
          1.46347483862879           0.00187256263768 
          1.56103982787070           0.00302993802647 
          1.65860481711262           0.00209753348104 
          1.75616980635454           0.00263691992161 
          1.85373479559646           0.00101761196040 
          1.95129978483838           0.00144264214248 
          2.04886477408030           0.00126576963097 
          2.14642976332222           0.00118178794514 
          2.24399475256414           0.00092900559234 
          2.34155974180606           0.00116791993713 
          2.43912473104798           0.00069123756203 
          2.53668972028990           0.00070851393044 
          2.63425470953181           0.00072512970658 
          2.73181969877373           0.00071679544896 
          2.82938468801565           0.00067386365102 
          2.92694967725757           0.00047370320794 
          3.02451466649949           0.00050438719338 
          3.12207965574141           0.00039833393921 
          3.21964464498333           0.00038602803307 
          3.31720963422525           0.00029797848537 
          3.41477462346717           0.00039441116699 
          3.51233961270909           0.00030810710170 
          3.60990460195100           0.00035631167049 
          3.70746959119292           0.00025201296240 
          3.80503458043484           0.00023468528672 
          3.90259956967676           0.00017017341419 
          4.00016455891868           0.00018711488821 
          4.09772954816060           0.00019537008699 
          4.19529453740252           0.00014079988708 
          4.29285952664444           0.00012630288138 
          4.39042451588636           0.00009746080331 
          4.48798950512828           0.00010272686717 
          4.58555449437019           0.00009750842822 
          4.68311948361211           0.00009313441204 
          4.78068447285403           0.00007927783050 
          4.87824946209595           0.00005896879597 
          4.97581445133787           0.00004855754276 
          5.07337944057979           0.00005783765751 
          5.17094442982171           0.00003942901174 
          5.26850941906363           0.00003928922263 
          5.36607440830555           0.00002988842227 
          5.46363939754747           0.00002789868810 
          5.56120438678938           0.00002909738691 
          5.65876937603130           0.00002230762154 
          5.75633436527322           0.00001865276023 
          5.85389935451514           0.00001848771612 
          5.95146434375706           0.00001450434448 
          6.04902933299898           0.00001503479162 
