          0.09448398958165         358.60168808612497 
          0.18896797916330           4.32762399625606 
          0.28345196874494           1.81777428762828 
          0.37793595832659           0.64151373933300 
          0.47241994790824           0.10104420960977 
          0.56690393748989           0.04597223536954 
          0.66138792707154           0.01862333688494 
          0.75587191665318           0.02225404223583 
          0.85035590623483           0.00791081077423 
          0.94483989581648           0.00887309711627 
          1.03932388539813           0.00522553152987 
          1.13380787497977           0.00899019212495 
          1.22829186456142           0.00551479187600 
          1.32277585414307           0.00412125314239 
          1.41725984372472           0.00446708185805 
          1.51174383330637           0.00334251177413 
          1.60622782288801           0.00308071863007 
          1.70071181246966           0.00158318948911 
          1.79519580205131           0.00223225144094 
          1.88967979163296           0.00210442975463 
          1.98416378121461           0.00148063136740 
          2.07864777079625           0.00181904573387 
          2.17313176037790           0.00185722450489 
          2.26761574995955           0.00173855626883 
          2.36209973954120           0.00155284851599 
          2.45658372912285           0.00166032991769 
          2.55106771870449           0.00141920000522 
          2.64555170828614           0.00121861400020 
          2.74003569786779           0.00104751930939 
          2.83451968744944           0.00098766715986 
          2.92900367703109           0.00111078685230 
          3.02348766661273           0.00143253923896 
          3.11797165619438           0.00101811225510 
          3.21245564577603           0.00076346244184 
          3.30693963535768           0.00094518933805 
          3.40142362493933           0.00087163933502 
          3.49590761452097           0.00083484763321 
          3.59039160410262           0.00101475893173 
          3.68487559368427           0.00092387379983 
          3.77935958326592           0.00099339268678 
          3.87384357284756           0.00080123674110 
          3.96832756242921           0.00088616471662 
          4.06281155201086           0.00080648441659 
          4.15729554159251           0.00070472518501 
          4.25177953117416           0.00073135109890 
          4.34626352075580           0.00068263687485 
          4.44074751033745           0.00080936009767 
          4.53523149991910           0.00078398410013 
          4.62971548950075           0.00074449261826 
          4.72419947908240           0.00057277755930 
          4.81868346866404           0.00083506360701 
          4.91316745824569           0.00059113142181 
          5.00765144782734           0.00063797073871 
          5.10213543740899           0.00059542939436 
          5.19661942699064           0.00070409939498 
          5.29110341657228           0.00059962723416 
          5.38558740615393           0.00062845764696 
          5.48007139573558           0.00066958168025 
          5.57455538531723           0.00073066841382 
          5.66903937489887           0.00071594683906 
          5.76352336448052           0.00048067841518 
          5.85800735406217           0.00057003747982 
          5.95249134364382           0.00066874699620 
          6.04697533322547           0.00060906353613 
          6.14145932280711           0.00074943020735 
          6.23594331238876           0.00073200197645 
          6.33042730197041           0.00076094631047 
          6.42491129155206           0.00072119578275 
          6.51939528113371           0.00076264486415 
          6.61387927071535           0.00076896794401 
          6.70836326029700           0.00075266091957 
          6.80284724987865           0.00087778648862 
          6.89733123946030           0.00090302090584 
          6.99181522904195           0.00088427416020 
          7.08629921862359           0.00089413951981 
          7.18078320820524           0.00103121568187 
          7.27526719778689           0.00101204596968 
          7.36975118736854           0.00108175183872 
          7.46423517695019           0.00115468744140 
          7.55871916653183           0.00142515165513 
          7.65320315611348           0.00158858610517 
          7.74768714569513           0.00142922837506 
          7.84217113527678           0.00202551542394 
          7.93665512485842           0.00192648232742 
          8.03113911444007           0.00214302628705 
          8.12562310402172           0.00278240293593 
          8.22010709360337           0.00326589272172 
          8.31459108318502           0.00355866450204 
          8.40907507276667           0.00257015987927 
          8.50355906234831           0.00120633585177 
          8.59804305192996           0.00069340955722 
          8.69252704151161           0.00047487421214 
          8.78701103109326           0.00040926236709 
          8.88149502067490           0.00028338796686 
          8.97597901025655           0.00022101892353 
          9.07046299983820           0.00019413390371 
          9.16494698941985           0.00016584710193 
          9.25943097900150           0.00014796653491 
          9.35391496858314           0.00013094322404 
          9.44839895816479           0.00010955844029 
          9.54288294774644           0.00010319961691 
          9.63736693732809           0.00011653467498 
          9.73185092690973           0.00011058229709 
          9.82633491649138           0.00009324101264 
          9.92081890607303           0.00009110953102 
         10.01530289565468           0.00007907846685 
         10.10978688523633           0.00007483009172 
         10.20427087481797           0.00007645562354 
         10.29875486439962           0.00007608485144 
         10.39323885398127           0.00007489304110 
         10.48772284356292           0.00006659897179 
         10.58220683314457           0.00006687199026 
         10.67669082272621           0.00006201710843 
         10.77117481230786           0.00006107443590 
         10.86565880188951           0.00005767091625 
         10.96014279147116           0.00005841412692 
         11.05462678105281           0.00005749175622 
         11.14911077063445           0.00005464649893 
         11.24359476021610           0.00005081739458 
         11.33807874979775           0.00005378238841 
         11.43256273937940           0.00004954630677 
         11.52704672896105           0.00004997985922 
         11.62153071854269           0.00004123439181 
         11.71601470812434           0.00005157786003 
         11.81049869770599           0.00004274638088 
         11.90498268728764           0.00005043293879 
         11.99946667686929           0.00004711425235 
         12.09395066645093           0.00004666336019 
         12.18843465603258           0.00004785246898 
         12.28291864561423           0.00004559260019 
         12.37740263519588           0.00004658204396 
         12.47188662477753           0.00004054403261 
         12.56637061435917           0.00004028209757 
         12.66085460394082           0.00003985599079 
         12.75533859352247           0.00004026194286 
         12.84982258310412           0.00004670997839 
         12.94430657268577           0.00004325058877 
         13.03879056226741           0.00004076924098 
         13.13327455184906           0.00004161501980 
         13.22775854143071           0.00004286217612 
         13.32224253101236           0.00004388085971 
         13.41672652059400           0.00003763646938 
         13.51121051017565           0.00003690510067 
         13.60569449975730           0.00004024372940 
         13.70017848933895           0.00003835392922 
         13.79466247892059           0.00003768210968 
         13.88914646850224           0.00004098063163 
         13.98363045808389           0.00003663883004 
         14.07811444766554           0.00003558260030 
         14.17259843724719           0.00004047128631 
         14.26708242682883           0.00003845182680 
         14.36156641641048           0.00003888802718 
         14.45605040599213           0.00004393129656 
         14.55053439557378           0.00003932439372 
         14.64501838515543           0.00003916265592 
         14.73950237473707           0.00004448473217 
         14.83398636431872           0.00004580036709 
         14.92847035390037           0.00004895532942 
         15.02295434348202           0.00003747520580 
         15.11743833306367           0.00004018539040 
         15.21192232264531           0.00003367411031 
         15.30640631222696           0.00003138793948 
         15.40089030180861           0.00003709749203 
         15.49537429139026           0.00003466917856 
         15.58985828097191           0.00003447495468 
         15.68434227055356           0.00003400874279 
         15.77882626013520           0.00003105569797 
         15.87331024971685           0.00003079108008 
         15.96779423929850           0.00003081384442 
         16.06227822888015           0.00002904978596 
         16.15676221846179           0.00002842022968 
         16.25124620804344           0.00002977796777 
         16.34573019762509           0.00002822891829 
         16.44021418720674           0.00002815355313 
         16.53469817678838           0.00003054478265 
         16.62918216637003           0.00002625702513 
         16.72366615595168           0.00002779052002 
         16.81815014553333           0.00002788945286 
         16.91263413511498           0.00002637006699 
         17.00711812469663           0.00002665447177 
         17.10160211427827           0.00002483240583 
         17.19608610385992           0.00002298601479 
         17.29057009344157           0.00002180139915 
         17.38505408302321           0.00002248351606 
         17.47953807260486           0.00001955469616 
         17.57402206218651           0.00001734791263 
         17.66850605176816           0.00001847180664 
         17.76299004134981           0.00001549592386 
         17.85747403093146           0.00001636703056 
         17.95195802051310           0.00001496710344 
         18.04644201009475           0.00001464271848 
         18.14092599967640           0.00001498048181 
         18.23540998925805           0.00001363915908 
         18.32989397883970           0.00001476919421 
         18.42437796842134           0.00001366577086 
         18.51886195800299           0.00001339151114 
         18.61334594758464           0.00001357176260 
         18.70782993716629           0.00001324741295 
         18.80231392674794           0.00001358598135 
         18.89679791632958           0.00001241644464 
         18.99128190591123           0.00001278073266 
         19.08576589549288           0.00001332728685 
         19.18024988507453           0.00001136716941 
         19.27473387465617           0.00001173377939 
         19.36921786423782           0.00001128835855 
         19.46370185381947           0.00001197929324 
         19.55818584340112           0.00001118098698 
         19.65266983298277           0.00001129359289 
         19.74715382256441           0.00001124430030 
         19.84163781214607           0.00001061756400 
         19.93612180172771           0.00001041695308 
         20.03060579130936           0.00001085890527 
         20.12508978089101           0.00001036842317 
         20.21957377047265           0.00001067575130 
         20.31405776005430           0.00001074801023 
         20.40854174963595           0.00001013735721 
         20.50302573921760           0.00000995879184 
         20.59750972879924           0.00001025518310 
         20.69199371838090           0.00000999542915 
         20.78647770796254           0.00001026721952 
         20.88096169754419           0.00000997284091 
         20.97544568712584           0.00000978642207 
         21.06992967670749           0.00000997220005 
         21.16441366628913           0.00000989535455 
         21.25889765587078           0.00001041355428 
         21.35338164545243           0.00000980704916 
         21.44786563503408           0.00000996607558 
         21.54234962461572           0.00000929768686 
         21.63683361419737           0.00000926050065 
         21.73131760377902           0.00000953952517 
         21.82580159336067           0.00000983593430 
         21.92028558294232           0.00000905968703 
         22.01476957252396           0.00000955114267 
         22.10925356210561           0.00000897294572 
         22.20373755168726           0.00000888979618 
         22.29822154126891           0.00000890276416 
         22.39270553085056           0.00000890935493 
         22.48718952043220           0.00000917653278 
         22.58167351001385           0.00000860131112 
         22.67615749959550           0.00000894830786 
         22.77064148917715           0.00000807999628 
         22.86512547875880           0.00000869369115 
         22.95960946834044           0.00000866313405 
         23.05409345792209           0.00000828650262 
         23.14857744750374           0.00000832926500 
         23.24306143708539           0.00000782809684 
         23.33754542666704           0.00000780791661 
         23.43202941624868           0.00000800883700 
         23.52651340583033           0.00000785409549 
         23.62099739541198           0.00000751594143 
         23.71548138499363           0.00000745415339 
         23.80996537457527           0.00000711172449 
         23.90444936415693           0.00000721791826 
         23.99893335373857           0.00000718814512 
         24.09341734332022           0.00000714736615 
         24.18790133290187           0.00000727273107 
         24.28238532248351           0.00000686301298 
         24.37686931206516           0.00000699091402 
         24.47135330164681           0.00000688617775 
         24.56583729122846           0.00000680396569 
         24.66032128081010           0.00000679485579 
         24.75480527039176           0.00000645004416 
         24.84928925997340           0.00000634303747 
         24.94377324955505           0.00000647622818 
         25.03825723913670           0.00000629801001 
         25.13274122871835           0.00000648858827 
         25.22722521829999           0.00000638229812 
         25.32170920788164           0.00000617004740 
         25.41619319746329           0.00000602460312 
         25.51067718704494           0.00000620996040 
         25.60516117662658           0.00000591268778 
         25.69964516620824           0.00000606976734 
         25.79412915578988           0.00000614901194 
         25.88861314537153           0.00000626647284 
         25.98309713495318           0.00000603983301 
         26.07758112453482           0.00000610823185 
         26.17206511411647           0.00000604359850 
         26.26654910369812           0.00000583596998 
         26.36103309327977           0.00000583940168 
         26.45551708286142           0.00000583890581 
         26.55000107244306           0.00000577600159 
         26.64448506202471           0.00000577776459 
         26.73896905160636           0.00000547033097 
         26.83345304118801           0.00000544177049 
         26.92793703076966           0.00000549812744 
         27.02242102035130           0.00000553174825 
         27.11690500993295           0.00000557469578 
         27.21138899951460           0.00000536562134 
         27.30587298909625           0.00000547958943 
         27.40035697867790           0.00000540455837 
         27.49484096825954           0.00000561799115 
         27.58932495784119           0.00000522184459 
         27.68380894742284           0.00000536271893 
         27.77829293700449           0.00000531462509 
         27.87277692658613           0.00000546051489 
         27.96726091616779           0.00000519724257 
         28.06174490574943           0.00000506719273 
         28.15622889533108           0.00000541328032 
         28.25071288491273           0.00000508184104 
         28.34519687449437           0.00000500834124 
         28.43968086407602           0.00000520929343 
         28.53416485365767           0.00000496827213 
         28.62864884323932           0.00000517677264 
         28.72313283282097           0.00000519207628 
         28.81761682240262           0.00000496252449 
         28.91210081198426           0.00000505626267 
         29.00658480156591           0.00000494597102 
         29.10106879114756           0.00000483147308 
         29.19555278072921           0.00000475304634 
         29.29003677031085           0.00000492172962 
         29.38452075989250           0.00000491517010 
         29.47900474947415           0.00000511956964 
         29.57348873905580           0.00000504733710 
         29.66797272863744           0.00000472074477 
         29.76245671821910           0.00000492871603 
         29.85694070780074           0.00000487336275 
         29.95142469738239           0.00000496448345 
         30.04590868696404           0.00000474314545 
         30.14039267654568           0.00000478273339 
         30.23487666612733           0.00000468141368 
         30.32936065570898           0.00000467586838 
         30.42384464529063           0.00000471178020 
         30.51832863487228           0.00000467268914 
         30.61281262445392           0.00000487175203 
         30.70729661403557           0.00000448463288 
         30.80178060361722           0.00000465591593 
         30.89626459319887           0.00000440467621 
         30.99074858278051           0.00000456894895 
         31.08523257236216           0.00000482086403 
         31.17971656194381           0.00000462397055 
         31.27420055152546           0.00000471413723 
         31.36868454110711           0.00000451450388 
         31.46316853068876           0.00000443615196 
