          0.08791360440996        1237.99621576058940 
          0.17582720881991          27.05535465075877 
          0.26374081322987           5.57825871005715 
          0.35165441763983           1.05641493486817 
          0.43956802204978           0.49038302322712 
          0.52748162645974           0.50757508862417 
          0.61539523086970           0.30699224071036 
          0.70330883527965           0.14748355523504 
          0.79122243968961           0.08629853648095 
          0.87913604409956           0.07111105244392 
          0.96704964850952           0.04714050096706 
          1.05496325291948           0.04289369137133 
          1.14287685732943           0.02778060684495 
          1.23079046173939           0.02649783116730 
          1.31870406614935           0.01702418266097 
          1.40661767055930           0.01583870919827 
          1.49453127496926           0.01205270936482 
          1.58244487937922           0.01092844500176 
          1.67035848378917           0.00859310867625 
          1.75827208819913           0.00937440928933 
          1.84618569260909           0.00800143851660 
          1.93409929701904           0.00652215506655 
          2.02201290142900           0.00506348997708 
          2.10992650583895           0.00534923956028 
          2.19784011024891           0.00379395278235 
          2.28575371465887           0.00347840094785 
          2.37366731906882           0.00256547794275 
          2.46158092347878           0.00332938077469 
          2.54949452788874           0.00218877679248 
          2.63740813229869           0.00187521237915 
          2.72532173670865           0.00227307755750 
          2.81323534111861           0.00186972440600 
          2.90114894552856           0.00196108102830 
          2.98906254993852           0.00134617764997 
          3.07697615434848           0.00136259500745 
          3.16488975875843           0.00148898813074 
          3.25280336316839           0.00118202975307 
          3.34071696757834           0.00117713956419 
          3.42863057198830           0.00123537318903 
          3.51654417639826           0.00094111439835 
          3.60445778080821           0.00093031292414 
          3.69237138521817           0.00099713249276 
          3.78028498962813           0.00074433265047 
          3.86819859403808           0.00070614533177 
          3.95611219844804           0.00065763402542 
          4.04402580285800           0.00057822141475 
          4.13193940726795           0.00053613600241 
          4.21985301167791           0.00046506984210 
          4.30776661608787           0.00051971143971 
          4.39568022049782           0.00036904663929 
          4.48359382490778           0.00030020720480 
          4.57150742931773           0.00041269755160 
          4.65942103372769           0.00036637347410 
          4.74733463813765           0.00030428430843 
          4.83524824254760           0.00027992805882 
          4.92316184695756           0.00026057996217 
          5.01107545136752           0.00026968271679 
          5.09898905577747           0.00023115543122 
          5.18690266018743           0.00021527068836 
          5.27481626459739           0.00019847015857 
          5.36272986900734           0.00019258471877 
          5.45064347341730           0.00018011451937 
          5.53855707782726           0.00016229425254 
          5.62647068223721           0.00018041209122 
          5.71438428664717           0.00017697426047 
          5.80229789105713           0.00017543556297 
          5.89021149546708           0.00015351392386 
          5.97812509987704           0.00015061229562 
          6.06603870428699           0.00016196730182 
