          0.08878317517563        8125.46268199779660 
          0.17756635035127          14.13014476166457 
          0.26634952552690           9.20091912016271 
          0.35513270070253           2.20991032865965 
          0.44391587587817           1.40138726626682 
          0.53269905105380           0.47633846332962 
          0.62148222622943           0.37603341133537 
          0.71026540140507           0.10472946235646 
          0.79904857658070           0.11388455405146 
          0.88783175175634           0.06511110385307 
          0.97661492693197           0.04104995254977 
          1.06539810210760           0.03393331542985 
          1.15418127728324           0.03227092067234 
          1.24296445245887           0.02330083428620 
          1.33174762763450           0.01740431793283 
          1.42053080281014           0.01136539802871 
          1.50931397798577           0.01247362551580 
          1.59809715316140           0.01186910230110 
          1.68688032833704           0.00722888917384 
          1.77566350351267           0.00636399252642 
          1.86444667868830           0.00494302543489 
          1.95322985386394           0.00528343845036 
          2.04201302903957           0.00439052017292 
          2.13079620421521           0.00356151334270 
          2.21957937939084           0.00278876676695 
          2.30836255456647           0.00334142009753 
          2.39714572974211           0.00215530597043 
          2.48592890491774           0.00269587890879 
          2.57471208009337           0.00184850311913 
          2.66349525526901           0.00188754374084 
          2.75227843044464           0.00151455401417 
          2.84106160562027           0.00134173435808 
          2.92984478079591           0.00148330443501 
          3.01862795597154           0.00143235978682 
          3.10741113114717           0.00104230624327 
          3.19619430632281           0.00114359687056 
          3.28497748149844           0.00099205833189 
          3.37376065667408           0.00107780562195 
          3.46254383184971           0.00087426725605 
          3.55132700702534           0.00066759907512 
          3.64011018220098           0.00064065244798 
          3.72889335737661           0.00053230904237 
          3.81767653255224           0.00044121776239 
          3.90645970772788           0.00033841867090 
          3.99524288290351           0.00043356188765 
          4.08402605807914           0.00038643623669 
          4.17280923325478           0.00036329016570 
          4.26159240843041           0.00035009031474 
          4.35037558360604           0.00030703122046 
          4.43915875878168           0.00025678521053 
          4.52794193395731           0.00019221970605 
          4.61672510913295           0.00021210952264 
          4.70550828430858           0.00018807274616 
          4.79429145948421           0.00020354556289 
          4.88307463465985           0.00012437742776 
          4.97185780983548           0.00010313998311 
          5.06064098501111           0.00009451118703 
          5.14942416018675           0.00011176910821 
          5.23820733536238           0.00009587672125 
          5.32699051053801           0.00008384294948 
          5.41577368571365           0.00006200467822 
          5.50455686088928           0.00007156274703 
          5.59334003606491           0.00005608017943 
          5.68212321124055           0.00005831621591 
          5.77090638641618           0.00005101944740 
          5.85968956159181           0.00004787277968 
          5.94847273676745           0.00004054066423 
          6.03725591194308           0.00003801871177 
          6.12603908711872           0.00003479143088 
