          0.08152569491604          46.68439366049994 
          0.16305138983209          17.21934871705612 
          0.24457708474813           4.98214638576698 
          0.32610277966418           1.04090885737258 
          0.40762847458022           0.97317703730340 
          0.48915416949627           0.37906013853374 
          0.57067986441231           0.24039888067379 
          0.65220555932836           0.29925277897346 
          0.73373125424440           0.21430878981421 
          0.81525694916045           0.08379461886762 
          0.89678264407649           0.05642993228005 
          0.97830833899254           0.05917015091780 
          1.05983403390858           0.04523801190320 
          1.14135972882463           0.02744296812538 
          1.22288542374067           0.02226227225615 
          1.30441111865672           0.01930205235505 
          1.38593681357276           0.01680348811451 
          1.46746250848881           0.01384228262026 
          1.54898820340485           0.01367649004810 
          1.63051389832090           0.00957565056089 
          1.71203959323694           0.00542004181042 
          1.79356528815299           0.00748317612701 
          1.87509098306903           0.00529712094731 
          1.95661667798508           0.00512774084451 
          2.03814237290112           0.00377564900657 
          2.11966806781717           0.00342845714688 
          2.20119376273321           0.00312268192445 
          2.28271945764926           0.00280264702399 
          2.36424515256530           0.00234285962091 
          2.44577084748135           0.00264565997618 
          2.52729654239739           0.00229036215802 
          2.60882223731344           0.00192523234987 
          2.69034793222948           0.00194323365631 
          2.77187362714553           0.00146735530259 
          2.85339932206157           0.00160679141873 
          2.93492501697762           0.00109904932937 
          3.01645071189366           0.00106217282930 
          3.09797640680971           0.00106777251833 
          3.17950210172575           0.00060222984905 
          3.26102779664180           0.00073257924152 
          3.34255349155784           0.00058658479057 
          3.42407918647389           0.00058968396672 
          3.50560488138993           0.00056720818457 
          3.58713057630598           0.00044840202272 
          3.66865627122202           0.00047440628901 
          3.75018196613807           0.00040705885242 
          3.83170766105411           0.00038538305446 
          3.91323335597016           0.00029990305277 
          3.99475905088620           0.00033918046043 
          4.07628474580225           0.00033048505055 
          4.15781044071829           0.00023078496061 
          4.23933613563434           0.00021986576866 
          4.32086183055038           0.00019353450991 
          4.40238752546643           0.00019307763172 
          4.48391322038247           0.00015972931310 
          4.56543891529852           0.00013030423803 
          4.64696461021456           0.00012429632882 
          4.72849030513061           0.00013368102043 
          4.81001600004665           0.00010649556184 
          4.89154169496270           0.00007645796941 
          4.97306738987874           0.00011464851254 
          5.05459308479479           0.00008812199338 
          5.13611877971083           0.00007198830764 
          5.21764447462688           0.00007136453236 
          5.29917016954292           0.00007523183786 
          5.38069586445897           0.00006792891813 
          5.46222155937501           0.00005783862081 
          5.54374725429106           0.00005779286295 
          5.62527294920710           0.00005338303346 
          5.70679864412315           0.00004535661093 
          5.78832433903919           0.00004950916181 
          5.86985003395524           0.00004209440911 
          5.95137572887128           0.00004207913458 
          6.03290142378733           0.00003571944919 
          6.11442711870337           0.00003966208728 
