          0.08079189028134         301.68892259193382 
          0.16158378056267          69.26009299134900 
          0.24237567084401          13.46679343410509 
          0.32316756112535           5.03098329874437 
          0.40395945140669           1.50174669136113 
          0.48475134168802           0.72024555183386 
          0.56554323196936           0.75206521259441 
          0.64633512225070           0.36780590199636 
          0.72712701253203           0.37074376348521 
          0.80791890281337           0.26590729571656 
          0.88871079309471           0.28959303098369 
          0.96950268337605           0.18895452586910 
          1.05029457365738           0.24547341573535 
          1.13108646393872           0.22236193435787 
          1.21187835422006           0.22794590775323 
          1.29267024450139           0.17733466921920 
          1.37346213478273           0.21874798560763 
          1.45425402506407           0.17471273332877 
          1.53504591534540           0.12880215112406 
          1.61583780562674           0.20663756560579 
          1.69662969590808           0.14373144944148 
          1.77742158618942           0.13726050920010 
          1.85821347647075           0.15492252506072 
          1.93900536675209           0.14467381841427 
          2.01979725703343           0.13731117203210 
          2.10058914731477           0.09696804342232 
          2.18138103759610           0.15341425282017 
          2.26217292787744           0.11253797144522 
          2.34296481815878           0.08713416287341 
          2.42375670844011           0.11418142493565 
          2.50454859872145           0.09714469201922 
          2.58534048900279           0.09720680409414 
          2.66613237928412           0.07328610798002 
          2.74692426956546           0.09170927199340 
          2.82771615984680           0.09350907397719 
          2.90850805012814           0.06068216996630 
          2.98929994040947           0.09251333151640 
          3.07009183069081           0.06651680054430 
          3.15088372097215           0.06282168900654 
          3.23167561125348           0.06660679123564 
          3.31246750153482           0.06022928558418 
          3.39325939181616           0.06119986324137 
          3.47405128209750           0.04715561073044 
          3.55484317237883           0.05895248682250 
          3.63563506266017           0.05337771105381 
          3.71642695294151           0.03937936401711 
          3.79721884322284           0.05138111336863 
          3.87801073350418           0.04331192363660 
          3.95880262378552           0.04060656157294 
          4.03959451406686           0.03835627058690 
          4.12038640434819           0.03884836017115 
          4.20117829462953           0.03961014587984 
          4.28197018491087           0.02904397535656 
          4.36276207519220           0.03449541490911 
          4.44355396547354           0.03397910099165 
          4.52434585575488           0.02694389454867 
          4.60513774603622           0.03079902949039 
          4.68592963631755           0.02600038367162 
          4.76672152659889           0.02736701312332 
          4.84751341688023           0.02503758018092 
          4.92830530716156           0.02435160738913 
          5.00909719744290           0.02484156698133 
          5.08988908772424           0.02059250517472 
          5.17068097800557           0.02327626801573 
          5.25147286828691           0.02143377507322 
          5.33226475856825           0.01976060775878 
          5.41305664884959           0.02111858773737 
          5.49384853913092           0.01777112623394 
          5.57464042941226           0.01962933548600 
          5.65543231969360           0.01786530223968 
          5.73622420997493           0.01853146103979 
          5.81701610025627           0.01746464502100 
          5.89780799053761           0.01653575003989 
          5.97859988081895           0.01782552928728 
          6.05939177110028           0.01598789349190 
          6.14018366138162           0.01555582366685 
