          0.08227295151473         193.61022459298391 
          0.16454590302945          12.91584669431407 
          0.24681885454418           3.90699164238125 
          0.32909180605890           2.65852456749598 
          0.41136475757363           1.14253871345753 
          0.49363770908835           0.48385842478378 
          0.57591066060308           0.17287500343278 
          0.65818361211780           0.15683832818220 
          0.74045656363253           0.07179065659608 
          0.82272951514725           0.09211922621595 
          0.90500246666198           0.06745681273912 
          0.98727541817671           0.04867235330943 
          1.06954836969143           0.03614175551781 
          1.15182132120616           0.02095264460804 
          1.23409427272088           0.02543480715181 
          1.31636722423561           0.01783903273124 
          1.39864017575033           0.01469813605939 
          1.48091312726506           0.01102682882769 
          1.56318607877978           0.00714760969318 
          1.64545903029451           0.00757767189045 
          1.72773198180924           0.00579719064637 
          1.81000493332396           0.00509370309382 
          1.89227788483869           0.00542433127729 
          1.97455083635341           0.00345649033003 
          2.05682378786814           0.00370738647653 
          2.13909673938286           0.00351091232728 
          2.22136969089759           0.00303943650788 
          2.30364264241231           0.00302346932734 
          2.38591559392704           0.00213090536036 
          2.46818854544176           0.00173919563866 
          2.55046149695649           0.00178580650670 
          2.63273444847122           0.00168941974910 
          2.71500739998594           0.00151365668881 
          2.79728035150067           0.00152262973751 
          2.87955330301539           0.00146133212843 
          2.96182625453012           0.00109183390062 
          3.04409920604484           0.00113160541861 
          3.12637215755957           0.00080600907606 
          3.20864510907429           0.00070049549883 
          3.29091806058902           0.00064102848992 
          3.37319101210374           0.00054576875727 
          3.45546396361847           0.00055197039423 
          3.53773691513320           0.00049423703784 
          3.62000986664792           0.00048336786437 
          3.70228281816265           0.00045764042907 
          3.78455576967737           0.00036526142466 
          3.86682872119210           0.00036947881012 
          3.94910167270682           0.00031130871761 
          4.03137462422155           0.00026777932590 
          4.11364757573627           0.00026378130089 
          4.19592052725100           0.00024304928227 
          4.27819347876573           0.00022395235865 
          4.36046643028045           0.00017339724585 
          4.44273938179518           0.00017660733164 
          4.52501233330990           0.00014181886346 
          4.60728528482463           0.00013133654021 
          4.68955823633935           0.00012309303829 
          4.77183118785408           0.00009570192126 
          4.85410413936880           0.00009095234176 
          4.93637709088353           0.00008155322078 
          5.01865004239825           0.00006358264184 
          5.10092299391298           0.00006232986673 
          5.18319594542771           0.00004979981415 
          5.26546889694243           0.00005020061477 
          5.34774184845716           0.00005132154249 
          5.43001479997188           0.00005522057103 
          5.51228775148661           0.00004253999841 
          5.59456070300133           0.00003654780285 
          5.67683365451606           0.00003922383489 
          5.75910660603078           0.00003452130650 
          5.84137955754551           0.00002862127490 
          5.92365250906024           0.00003065711792 
          6.00592546057496           0.00002888298155 
          6.08819841208969           0.00002628798333 
