          0.08540417707190          75.00635462920920 
          0.17080835414380          11.13387016600228 
          0.25621253121570           4.76922469739721 
          0.34161670828759           1.56953603928017 
          0.42702088535949           0.63317071482162 
          0.51242506243139           0.50640380266114 
          0.59782923950329           0.20231510162463 
          0.68323341657519           0.14550459454320 
          0.76863759364709           0.10388085116108 
          0.85404177071899           0.06710064578403 
          0.93944594779089           0.05616996683148 
          1.02485012486278           0.02950361501510 
          1.11025430193468           0.03006804396306 
          1.19565847900658           0.02032399035955 
          1.28106265607848           0.02002983972316 
          1.36646683315038           0.01513991248208 
          1.45187101022228           0.01362534575481 
          1.53727518729418           0.00901475993635 
          1.62267936436608           0.00696799732720 
          1.70808354143797           0.00655726287014 
          1.79348771850987           0.00536583577892 
          1.87889189558177           0.00513470711051 
          1.96429607265367           0.00370070057485 
          2.04970024972557           0.00413204081795 
          2.13510442679747           0.00308178648946 
          2.22050860386937           0.00275369206458 
          2.30591278094126           0.00219165174593 
          2.39131695801316           0.00186475370627 
          2.47672113508506           0.00230265755090 
          2.56212531215696           0.00183208321999 
          2.64752948922886           0.00141061419070 
          2.73293366630076           0.00167201047614 
          2.81833784337266           0.00101520667143 
          2.90374202044456           0.00113589695358 
          2.98914619751645           0.00110465516174 
          3.07455037458835           0.00099529470012 
          3.15995455166025           0.00080327964630 
          3.24535872873215           0.00071029907484 
          3.33076290580405           0.00072957161896 
          3.41616708287595           0.00064106838339 
          3.50157125994785           0.00054487836547 
          3.58697543701975           0.00045521521156 
          3.67237961409164           0.00050880546683 
          3.75778379116354           0.00046225594255 
          3.84318796823544           0.00033188196858 
          3.92859214530734           0.00031532118651 
          4.01399632237924           0.00030024841191 
          4.09940049945114           0.00026128329833 
          4.18480467652304           0.00026186195837 
          4.27020885359493           0.00020120483036 
          4.35561303066683           0.00018845958801 
          4.44101720773873           0.00017511810259 
          4.52642138481063           0.00015859542294 
          4.61182556188253           0.00014297640033 
          4.69722973895443           0.00011676573999 
          4.78263391602633           0.00009789170832 
          4.86803809309823           0.00010439813281 
          4.95344227017012           0.00008314768825 
          5.03884644724202           0.00007705889161 
          5.12425062431392           0.00005935714611 
          5.20965480138582           0.00006798682183 
          5.29505897845772           0.00005619663512 
          5.38046315552962           0.00005035095807 
          5.46586733260152           0.00003952403331 
          5.55127150967341           0.00003375194589 
          5.63667568674531           0.00003882145108 
          5.72207986381721           0.00003405524272 
          5.80748404088911           0.00003323029065 
          5.89288821796101           0.00003078781679 
          5.97829239503291           0.00002462218635 
          6.06369657210481           0.00002662528153 
          6.14910074917671           0.00002408498722 
