          0.14279966607226           1.57479532189421 
          0.28559933214453           0.16696431295812 
          0.42839899821679           0.10341925240218 
          0.57119866428905           0.05350650906795 
          0.71399833036132           0.04098126081471 
          0.85679799643358           0.02366757391618 
          0.99959766250584           0.03038643445774 
          1.14239732857811           0.01133606715906 
          1.28519699465037           0.01891989583878 
          1.42799666072263           0.01730875223917 
          1.57079632679490           0.01286406831853 
          1.71359599286716           0.01062733614030 
          1.85639565893942           0.00755933121075 
          1.99919532501169           0.00847942469404 
          2.14199499108395           0.01015060823496 
          2.28479465715621           0.00599327315101 
          2.42759432322848           0.00741985654042 
          2.57039398930074           0.00528977853887 
          2.71319365537300           0.00640171000752 
