2.0 0.230000 2.782080
2.1 0.230000 5.462848
2.2 0.230000 7.794445
2.3 0.230000 9.108093
2.4 0.230000 8.741003
2.5 0.230000 11.834624
2.6 0.230000 10.626229
2.7 0.230000 11.856637
2.8 0.230000 11.935039
2.9 0.230000 13.711730
3.0 0.230000 13.381103
3.1 0.230000 15.918049
3.2 0.230000 12.427626
3.3 0.230000 15.498821
3.4 0.230000 14.788063
3.5 0.230000 13.679718
3.6 0.230000 15.260227
3.7 0.230000 15.983532
3.8 0.230000 16.791949
3.9 0.230000 15.923655
4.0 0.230000 19.461496
4.1 0.230000 19.491530
4.2 0.230000 18.515622
4.3 0.230000 20.033372
4.4 0.230000 20.479827
4.5 0.230000 23.147586
4.6 0.230000 22.970386
4.7 0.230000 22.279087
4.8 0.230000 20.522555
4.9 0.230000 26.091214
5.0 0.230000 27.386289
5.1 0.230000 25.972993
5.2 0.230000 27.572767
5.3 0.230000 22.317743
5.4 0.230000 25.742388
5.5 0.230000 24.168413
5.6 0.230000 29.638987
5.7 0.230000 32.475100
5.8 0.230000 23.377060
5.9 0.230000 28.427837
6.0 0.230000 29.281485
6.1 0.230000 27.993644
6.2 0.230000 34.225100
6.3 0.230000 33.058138
6.4 0.230000 24.687642
6.5 0.230000 29.372937
6.6 0.230000 36.972390
6.7 0.230000 31.627107
6.8 0.230000 37.060852
6.9 0.230000 38.190252
7.0 0.230000 29.450072
