          0.08706090213634       19376.19391166682200 
          0.17412180427268         158.92787882432157 
          0.26118270640902          12.21863062686419 
          0.34824360854536           4.64858466985847 
          0.43530451068170           3.78065078749770 
          0.52236541281803           1.12131645606561 
          0.60942631495437           0.79725179787443 
          0.69648721709071           0.40876858511454 
          0.78354811922705           0.27483027607579 
          0.87060902136339           0.13837104370827 
          0.95766992349973           0.06540119441942 
          1.04473082563607           0.11234476573192 
          1.13179172777241           0.04763553658061 
          1.21885262990875           0.03747338197138 
          1.30591353204509           0.03303098379243 
          1.39297443418142           0.03605029978455 
          1.48003533631776           0.02138444347090 
          1.56709623845410           0.02036566663326 
          1.65415714059044           0.01949188104869 
          1.74121804272678           0.01125112968280 
          1.82827894486312           0.01265759648658 
          1.91533984699946           0.00804546473711 
          2.00240074913580           0.00616892318000 
          2.08946165127214           0.00746304664358 
          2.17652255340848           0.00477351379029 
          2.26358345554481           0.00492174864465 
          2.35064435768115           0.00392699757327 
          2.43770525981749           0.00391686221791 
          2.52476616195383           0.00331818041465 
          2.61182706409017           0.00295320987187 
          2.69888796622651           0.00277709819261 
          2.78594886836285           0.00203140519163 
          2.87300977049919           0.00207693230597 
          2.96007067263553           0.00209420877586 
          3.04713157477187           0.00170323460509 
          3.13419247690821           0.00143145817100 
          3.22125337904454           0.00151830466409 
          3.30831428118088           0.00116532958881 
          3.39537518331722           0.00104011675433 
          3.48243608545356           0.00098343795613 
          3.56949698758990           0.00082857984184 
          3.65655788972624           0.00070369671320 
          3.74361879186258           0.00062764863274 
          3.83067969399892           0.00066057226822 
          3.91774059613526           0.00063177503562 
          4.00480149827160           0.00056693281156 
          4.09186240040793           0.00056569021846 
          4.17892330254427           0.00043121420705 
          4.26598420468061           0.00043995457862 
          4.35304510681695           0.00040243230076 
          4.44010600895329           0.00038087134063 
          4.52716691108963           0.00029839721436 
          4.61422781322597           0.00027983275716 
          4.70128871536231           0.00030857419134 
          4.78834961749865           0.00024641418501 
          4.87541051963499           0.00024903569687 
          4.96247142177132           0.00022435225136 
          5.04953232390766           0.00022828542436 
          5.13659322604400           0.00018455133843 
          5.22365412818034           0.00016912216273 
          5.31071503031668           0.00016073605035 
          5.39777593245302           0.00015110982431 
          5.48483683458936           0.00012521690186 
          5.57189773672570           0.00012120095607 
          5.65895863886204           0.00011627204024 
          5.74601954099838           0.00012004718928 
          5.83308044313471           0.00009652345336 
          5.92014134527105           0.00009255497028 
          6.00720224740739           0.00008676279198 
          6.09426314954373           0.00008378497956 
