          0.08791360440996       19373.42381426829200 
          0.17582720881991          93.46335436091340 
          0.26374081322987          16.47803789626579 
          0.35165441763983           7.12665572220568 
          0.43956802204978           2.12986073676087 
          0.52748162645974           0.49854113959191 
          0.61539523086970           0.84809608146899 
          0.70330883527965           0.32028933078697 
          0.79122243968961           0.22089524330524 
          0.87913604409956           0.09836752824373 
          0.96704964850952           0.10159502906162 
          1.05496325291948           0.06389980329489 
          1.14287685732943           0.06179303699428 
          1.23079046173939           0.05065944779263 
          1.31870406614935           0.03953297607368 
          1.40661767055930           0.03210228561025 
          1.49453127496926           0.01675128326582 
          1.58244487937922           0.01840933131179 
          1.67035848378917           0.01809662774794 
          1.75827208819913           0.01143156607495 
          1.84618569260909           0.00732631551530 
          1.93409929701904           0.00611747412632 
          2.02201290142900           0.00605158971647 
          2.10992650583895           0.00444733880461 
          2.19784011024891           0.00605176908588 
          2.28575371465887           0.00456807354905 
          2.37366731906882           0.00365206804215 
          2.46158092347878           0.00420362717030 
          2.54949452788874           0.00256326566590 
          2.63740813229869           0.00196901822267 
          2.72532173670865           0.00174487596649 
          2.81323534111861           0.00197440311557 
          2.90114894552856           0.00176273729498 
          2.98906254993852           0.00154492069461 
          3.07697615434848           0.00138740316499 
          3.16488975875843           0.00145259874019 
          3.25280336316839           0.00092824335072 
          3.34071696757834           0.00106808537585 
          3.42863057198830           0.00087280298937 
          3.51654417639826           0.00071016716188 
          3.60445778080821           0.00086904718566 
          3.69237138521817           0.00068323929084 
          3.78028498962813           0.00067392528045 
          3.86819859403808           0.00060389512680 
          3.95611219844804           0.00062886946650 
          4.04402580285800           0.00045359749052 
          4.13193940726795           0.00047058547044 
          4.21985301167791           0.00037697002360 
          4.30776661608787           0.00030022070314 
          4.39568022049782           0.00028574054692 
          4.48359382490778           0.00026297348331 
          4.57150742931773           0.00026685754894 
          4.65942103372769           0.00019659794749 
          4.74733463813765           0.00019634268332 
          4.83524824254760           0.00017540639308 
          4.92316184695756           0.00017726898237 
          5.01107545136752           0.00014227427493 
          5.09898905577747           0.00013141523053 
          5.18690266018743           0.00014397777061 
          5.27481626459739           0.00012916053318 
          5.36272986900734           0.00010799055732 
          5.45064347341730           0.00010221149070 
          5.53855707782726           0.00010887814266 
          5.62647068223721           0.00008813521917 
          5.71438428664717           0.00007408545568 
          5.80229789105713           0.00008556869786 
          5.89021149546708           0.00005929323697 
          5.97812509987704           0.00006931353888 
          6.06603870428699           0.00006954310572 
