          0.08540417707190       12381.14883417171000 
          0.17080835414380          20.64858426642386 
          0.25621253121570          16.35669638781715 
          0.34161670828759           3.69832101489602 
          0.42702088535949           1.27733102223173 
          0.51242506243139           1.01024769908233 
          0.59782923950329           0.54491624736503 
          0.68323341657519           0.30639002980081 
          0.76863759364709           0.22615105942726 
          0.85404177071899           0.12993393904842 
          0.93944594779089           0.05564476147014 
          1.02485012486278           0.05824710852622 
          1.11025430193468           0.05888463891432 
          1.19565847900658           0.05951631948408 
          1.28106265607848           0.02871543347732 
          1.36646683315038           0.02449083411870 
          1.45187101022228           0.02216317153670 
          1.53727518729418           0.01790151362157 
          1.62267936436608           0.01217726459373 
          1.70808354143797           0.01145048375699 
          1.79348771850987           0.00888981992254 
          1.87889189558177           0.00807287692949 
          1.96429607265367           0.00617793907433 
          2.04970024972557           0.00439350959927 
          2.13510442679747           0.00527887448443 
          2.22050860386937           0.00466419143252 
          2.30591278094126           0.00500150113702 
          2.39131695801316           0.00301393125485 
          2.47672113508506           0.00253674400860 
          2.56212531215696           0.00335341206136 
          2.64752948922886           0.00220722635122 
          2.73293366630076           0.00224597246949 
          2.81833784337266           0.00192206617219 
          2.90374202044456           0.00191524017146 
          2.98914619751645           0.00157442143348 
          3.07455037458835           0.00128239753211 
          3.15995455166025           0.00131378467210 
          3.24535872873215           0.00125499267955 
          3.33076290580405           0.00116265188821 
          3.41616708287595           0.00081813282026 
          3.50157125994785           0.00067793222849 
          3.58697543701975           0.00074321452846 
          3.67237961409164           0.00066556346743 
          3.75778379116354           0.00064811553336 
          3.84318796823544           0.00057157669348 
          3.92859214530734           0.00049091777705 
          4.01399632237924           0.00047297647993 
          4.09940049945114           0.00034951688659 
          4.18480467652304           0.00047193792699 
          4.27020885359493           0.00032651258326 
          4.35561303066683           0.00030504133355 
          4.44101720773873           0.00036264670190 
          4.52642138481063           0.00030942439641 
          4.61182556188253           0.00027859451384 
          4.69722973895443           0.00024841905956 
          4.78263391602633           0.00023688198203 
          4.86803809309823           0.00021772751631 
          4.95344227017012           0.00020333355531 
          5.03884644724202           0.00019072238651 
          5.12425062431392           0.00017065448885 
          5.20965480138582           0.00016444949431 
          5.29505897845772           0.00016246048529 
          5.38046315552962           0.00015155930445 
          5.46586733260152           0.00013035479323 
          5.55127150967341           0.00013190236501 
          5.63667568674531           0.00012103829626 
          5.72207986381721           0.00011317021528 
          5.80748404088911           0.00010039617039 
          5.89288821796101           0.00010302894907 
          5.97829239503291           0.00010532883959 
          6.06369657210481           0.00009515233861 
          6.14910074917671           0.00009118516548 
