          0.08152569491604         275.88116794637244 
          0.16305138983209          28.80367574109603 
          0.24457708474813          16.81040383956067 
          0.32610277966418           3.44850135143986 
          0.40762847458022           1.61581921710073 
          0.48915416949627           0.90848545752314 
          0.57067986441231           0.59323584320834 
          0.65220555932836           0.21926159655495 
          0.73373125424440           0.20167818016215 
          0.81525694916045           0.10597654228053 
          0.89678264407649           0.11861975086968 
          0.97830833899254           0.06581325882215 
          1.05983403390858           0.05064648714344 
          1.14135972882463           0.02849062276407 
          1.22288542374067           0.03020904297344 
          1.30441111865672           0.02748030053486 
          1.38593681357276           0.01213667100961 
          1.46746250848881           0.01820781139235 
          1.54898820340485           0.01191925293266 
          1.63051389832090           0.01144763812301 
          1.71203959323694           0.00847769619532 
          1.79356528815299           0.00928740467233 
          1.87509098306903           0.00637847692387 
          1.95661667798508           0.00533935017187 
          2.03814237290112           0.00507889216012 
          2.11966806781717           0.00458730233617 
          2.20119376273321           0.00429888772436 
          2.28271945764926           0.00340208202553 
          2.36424515256530           0.00348323921678 
          2.44577084748135           0.00347957173251 
          2.52729654239739           0.00184838755104 
          2.60882223731344           0.00212002372003 
          2.69034793222948           0.00211101451026 
          2.77187362714553           0.00155719975990 
          2.85339932206157           0.00181327124091 
          2.93492501697762           0.00154146222216 
          3.01645071189366           0.00120298836560 
          3.09797640680971           0.00113991541522 
          3.17950210172575           0.00109123313514 
          3.26102779664180           0.00119210342689 
          3.34255349155784           0.00103449486631 
          3.42407918647389           0.00087640808434 
          3.50560488138993           0.00071492709988 
          3.58713057630598           0.00063836895160 
          3.66865627122202           0.00054642169654 
          3.75018196613807           0.00074114301103 
          3.83170766105411           0.00061723792487 
          3.91323335597016           0.00050251800959 
          3.99475905088620           0.00058486198633 
          4.07628474580225           0.00048455927142 
          4.15781044071829           0.00042915237517 
          4.23933613563434           0.00037486531131 
          4.32086183055038           0.00035318153887 
          4.40238752546643           0.00035041504369 
          4.48391322038247           0.00030961768618 
          4.56543891529852           0.00031158427949 
          4.64696461021456           0.00025770129270 
          4.72849030513061           0.00023292335502 
          4.81001600004665           0.00024880140198 
          4.89154169496270           0.00022223895398 
          4.97306738987874           0.00025180423641 
          5.05459308479479           0.00026062817346 
          5.13611877971083           0.00022805289148 
          5.21764447462688           0.00020209598544 
          5.29917016954292           0.00018852935631 
          5.38069586445897           0.00021941059170 
          5.46222155937501           0.00018034143783 
          5.54374725429106           0.00016653847838 
          5.62527294920710           0.00017988286063 
          5.70679864412315           0.00016257843004 
          5.78832433903919           0.00016494152997 
          5.86985003395524           0.00015503423231 
          5.95137572887128           0.00014904624786 
          6.03290142378733           0.00015815196061 
          6.11442711870337           0.00014472842152 
