          0.08622458223109       15420.39411421858300 
          0.17244916446218          27.94169700130426 
          0.25867374669327          17.54205081287466 
          0.34489832892436           3.32583700132124 
          0.43112291115545           1.38644306116690 
          0.51734749338654           1.21052495001847 
          0.60357207561764           0.47176198517399 
          0.68979665784873           0.37909849510964 
          0.77602124007982           0.25715794867127 
          0.86224582231091           0.14810618921533 
          0.94847040454200           0.08317300982603 
          1.03469498677309           0.08192745209032 
          1.12091956900418           0.05541586697283 
          1.20714415123527           0.02489334475918 
          1.29336873346636           0.01951625659016 
          1.37959331569745           0.01986970353639 
          1.46581789792854           0.01855083569655 
          1.55204248015963           0.01543908658378 
          1.63826706239073           0.01210610689673 
          1.72449164462182           0.01261041046637 
          1.81071622685291           0.00913029568428 
          1.89694080908400           0.00582642210224 
          1.98316539131509           0.00726221419397 
          2.06938997354618           0.00700852873493 
          2.15561455577727           0.00428356689285 
          2.24183913800836           0.00463993653060 
          2.32806372023945           0.00392551370341 
          2.41428830247054           0.00279602339039 
          2.50051288470163           0.00336370462426 
          2.58673746693272           0.00331257780904 
          2.67296204916381           0.00234747586267 
          2.75918663139491           0.00199361867714 
          2.84541121362600           0.00211443984259 
          2.93163579585709           0.00169775990930 
          3.01786037808818           0.00168748766763 
          3.10408496031927           0.00145090865425 
          3.19030954255036           0.00161550020131 
          3.27653412478145           0.00096837532138 
          3.36275870701254           0.00119151987832 
          3.44898328924363           0.00098787598363 
          3.53520787147472           0.00081676018290 
          3.62143245370581           0.00053787299919 
          3.70765703593690           0.00056378965973 
          3.79388161816800           0.00060949677609 
          3.88010620039909           0.00052811326465 
          3.96633078263018           0.00046138674249 
          4.05255536486127           0.00041088652966 
          4.13877994709236           0.00042625712292 
          4.22500452932345           0.00035258616039 
          4.31122911155454           0.00034396778582 
          4.39745369378563           0.00028041062668 
          4.48367827601672           0.00030166959592 
          4.56990285824781           0.00025609829779 
          4.65612744047890           0.00026451342391 
          4.74235202270999           0.00020672451340 
          4.82857660494108           0.00017134522776 
          4.91480118717218           0.00018065993140 
          5.00102576940327           0.00016916717817 
          5.08725035163436           0.00016718770201 
          5.17347493386545           0.00014664516358 
          5.25969951609654           0.00013373316406 
          5.34592409832763           0.00011723436903 
          5.43214868055872           0.00010910914984 
          5.51837326278981           0.00011328648917 
          5.60459784502090           0.00010476171324 
          5.69082242725199           0.00010314302011 
          5.77704700948308           0.00009179366530 
          5.86327159171418           0.00008657502004 
          5.94949617394527           0.00008202666677 
          6.03572075617636           0.00007794218970 
          6.12194533840745           0.00008395981064 
