          0.09756498924192          32.44182468289077 
          0.19512997848384           6.20558041888675 
          0.29269496772576           0.71622950510822 
          0.39025995696768           0.51483304719745 
          0.48782494620960           0.37579844689976 
          0.58538993545151           0.12117333006461 
          0.68295492469343           0.07337148828834 
          0.78051991393535           0.05358552233136 
          0.87808490317727           0.02302089833548 
          0.97564989241919           0.02257783769689 
          1.07321488166111           0.01617487920083 
          1.17077987090303           0.01310295869668 
          1.26834486014495           0.01210285632032 
          1.36590984938687           0.00623006987949 
          1.46347483862879           0.00366915420072 
          1.56103982787070           0.00574530370519 
          1.65860481711262           0.00445707031713 
          1.75616980635454           0.00332110179270 
          1.85373479559646           0.00427567751554 
          1.95129978483838           0.00330370802105 
          2.04886477408030           0.00354827156739 
          2.14642976332222           0.00307827831029 
          2.24399475256414           0.00269229330307 
          2.34155974180606           0.00178190584637 
          2.43912473104798           0.00210676205236 
          2.53668972028990           0.00221680237675 
          2.63425470953181           0.00171147704644 
          2.73181969877373           0.00185518976286 
          2.82938468801565           0.00129820202834 
          2.92694967725757           0.00126376480605 
          3.02451466649949           0.00127331581527 
          3.12207965574141           0.00122165028787 
          3.21964464498333           0.00083426110256 
          3.31720963422525           0.00114342417730 
          3.41477462346717           0.00072413300578 
          3.51233961270909           0.00098776073210 
          3.60990460195100           0.00092407623286 
          3.70746959119292           0.00080870917009 
          3.80503458043484           0.00065947730848 
          3.90259956967676           0.00074674650775 
          4.00016455891868           0.00052893081233 
          4.09772954816060           0.00051074503388 
          4.19529453740252           0.00042478485726 
          4.29285952664444           0.00044474704566 
          4.39042451588636           0.00043897362591 
          4.48798950512828           0.00028946635368 
          4.58555449437019           0.00033800123280 
          4.68311948361211           0.00028673099093 
          4.78068447285403           0.00027649256905 
          4.87824946209595           0.00022016529288 
          4.97581445133787           0.00017782573945 
          5.07337944057979           0.00016370810107 
          5.17094442982171           0.00015548950383 
          5.26850941906363           0.00012472927110 
          5.36607440830555           0.00009635588834 
          5.46363939754747           0.00010406270922 
          5.56120438678938           0.00008017003942 
          5.65876937603130           0.00007574370904 
          5.75633436527322           0.00006131768441 
          5.85389935451514           0.00005851419358 
          5.95146434375706           0.00004916421020 
          6.04902933299898           0.00004749114162 
