          0.09756498924192       33685.69893904135800 
          0.19512997848384        3635.99057585785340 
          0.29269496772576         708.94469288330993 
          0.39025995696768         113.77834669374612 
          0.48782494620960           5.68809400138894 
          0.58538993545151           3.48475177215231 
          0.68295492469343           6.85438694165316 
          0.78051991393535           5.68260300338991 
          0.87808490317727           3.08826951450423 
          0.97564989241919           0.79533653966786 
          1.07321488166111           0.24753929147372 
          1.17077987090303           0.34441299424887 
          1.26834486014495           0.41518914275953 
          1.36590984938687           0.35142904667406 
          1.46347483862879           0.16801082153246 
          1.56103982787070           0.08551569397572 
          1.65860481711262           0.06875769051344 
          1.75616980635454           0.08346466921803 
          1.85373479559646           0.08521617725213 
          1.95129978483838           0.07131504095939 
          2.04886477408030           0.03755254202629 
          2.14642976332222           0.03690160771549 
          2.24399475256414           0.04207809312981 
          2.34155974180606           0.04113666436902 
          2.43912473104798           0.03147531229688 
          2.53668972028990           0.02631520007878 
          2.63425470953181           0.02191055146168 
          2.73181969877373           0.02298280811440 
          2.82938468801565           0.02190932784833 
          2.92694967725757           0.02053219492599 
          3.02451466649949           0.01919781856566 
          3.12207965574141           0.01919087358280 
          3.21964464498333           0.01798895733882 
          3.31720963422525           0.01588293495522 
          3.41477462346717           0.01468592662695 
          3.51233961270909           0.01522947106419 
          3.60990460195100           0.01464825675010 
          3.70746959119292           0.01116549704972 
          3.80503458043484           0.01182051504743 
          3.90259956967676           0.01221819182456 
          4.00016455891868           0.01122416918662 
          4.09772954816060           0.01106548293744 
          4.19529453740252           0.00999427649839 
          4.29285952664444           0.01194963183904 
          4.39042451588636           0.01282907862829 
          4.48798950512828           0.01057924788389 
          4.58555449437019           0.01021100780047 
          4.68311948361211           0.00990574237308 
          4.78068447285403           0.01182684484903 
          4.87824946209595           0.01114173510986 
          4.97581445133787           0.01395435360351 
          5.07337944057979           0.01582149568792 
          5.17094442982171           0.01488709370570 
          5.26850941906363           0.01440428403671 
          5.36607440830555           0.01369453511428 
          5.46363939754747           0.01545301487051 
          5.56120438678938           0.01501615916759 
          5.65876937603130           0.01462598900703 
          5.75633436527322           0.01650005101350 
          5.85389935451514           0.01320220114358 
          5.95146434375706           0.01413132017899 
          6.04902933299898           0.01109954307222 
