          0.09756498924192          65.15243232944128 
          0.19512997848384           2.80212840150107 
          0.29269496772576           0.75621416355434 
          0.39025995696768           0.42517286943300 
          0.48782494620960           0.09347988087930 
          0.58538993545151           0.09728728338618 
          0.68295492469343           0.05056716581731 
          0.78051991393535           0.02666772908182 
          0.87808490317727           0.01178879991672 
          0.97564989241919           0.00971589100374 
          1.07321488166111           0.01022386104159 
          1.17077987090303           0.01030050497862 
          1.26834486014495           0.00586519255653 
          1.36590984938687           0.00511815390947 
          1.46347483862879           0.00417932670224 
          1.56103982787070           0.00279967172273 
          1.65860481711262           0.00260705641143 
          1.75616980635454           0.00202275591598 
          1.85373479559646           0.00243690071059 
          1.95129978483838           0.00226863849552 
          2.04886477408030           0.00166974705149 
          2.14642976332222           0.00128524065591 
          2.24399475256414           0.00135815031777 
          2.34155974180606           0.00109688232625 
          2.43912473104798           0.00111457655394 
          2.53668972028990           0.00077365255116 
          2.63425470953181           0.00087582572111 
          2.73181969877373           0.00060415712584 
          2.82938468801565           0.00074127936762 
          2.92694967725757           0.00080574545081 
          3.02451466649949           0.00052453657531 
          3.12207965574141           0.00058431361777 
          3.21964464498333           0.00055549939906 
          3.31720963422525           0.00058168745605 
          3.41477462346717           0.00034029023132 
          3.51233961270909           0.00033123665799 
          3.60990460195100           0.00030463002714 
          3.70746959119292           0.00032682727336 
          3.80503458043484           0.00026055412301 
          3.90259956967676           0.00033573593147 
          4.00016455891868           0.00020946673631 
          4.09772954816060           0.00020176886534 
          4.19529453740252           0.00020409021599 
          4.29285952664444           0.00017422963581 
          4.39042451588636           0.00018578309851 
          4.48798950512828           0.00015175590476 
          4.58555449437019           0.00011046738062 
          4.68311948361211           0.00011032695189 
          4.78068447285403           0.00007264900697 
          4.87824946209595           0.00008287630061 
          4.97581445133787           0.00007655124636 
          5.07337944057979           0.00006688452132 
          5.17094442982171           0.00005749678213 
          5.26850941906363           0.00004544753644 
          5.36607440830555           0.00003793848292 
          5.46363939754747           0.00003268227630 
          5.56120438678938           0.00003022246013 
          5.65876937603130           0.00002282339449 
          5.75633436527322           0.00002624717444 
          5.85389935451514           0.00001903519630 
          5.95146434375706           0.00001596915643 
          6.04902933299898           0.00001457849822 
          6.14659432224090           0.00001437123384 
          6.24415931148282           0.00001178273173 
          6.34172430072474           0.00001070069687 
          6.43928928996666           0.00000787087590 
          6.53685427920858           0.00000915957392 
          6.63441926845050           0.00000676173327 
          6.73198425769241           0.00000668493829 
          6.82954924693433           0.00000597940613 
          6.92711423617625           0.00000587102231 
          7.02467922541817           0.00000476674221 
          7.12224421466009           0.00000414733518 
          7.21980920390201           0.00000410211508 
          7.31737419314393           0.00000410432678 
          7.41493918238585           0.00000370109115 
          7.51250417162777           0.00000368670242 
          7.61006916086968           0.00000338688705 
          7.70763415011160           0.00000323196835 
          7.80519913935352           0.00000304184194 
          7.90276412859544           0.00000327922125 
          8.00032911783736           0.00000304885936 
          8.09789410707928           0.00000313740237 
          8.19545909632120           0.00000296638236 
          8.29302408556312           0.00000270967847 
          8.39058907480504           0.00000264325175 
          8.48815406404696           0.00000264637998 
          8.58571905328887           0.00000263567564 
          8.68328404253079           0.00000240891971 
          8.78084903177271           0.00000238431983 
          8.87841402101463           0.00000262764694 
          8.97597901025655           0.00000230006245 
          9.07354399949847           0.00000251164476 
          9.17110898874039           0.00000250121828 
          9.26867397798231           0.00000235764080 
          9.36623896722423           0.00000234337952 
          9.46380395646615           0.00000228423205 
          9.56136894570806           0.00000232618326 
          9.65893393494999           0.00000222934910 
          9.75649892419190           0.00000224064510 
          9.85406391343382           0.00000212105779 
          9.95162890267574           0.00000201426665 
         10.04919389191766           0.00000202953289 
         10.14675888115958           0.00000203894428 
         10.24432387040150           0.00000205471334 
         10.34188885964342           0.00000205317186 
         10.43945384888534           0.00000209508248 
         10.53701883812725           0.00000196681260 
         10.63458382736917           0.00000164206073 
         10.73214881661109           0.00000171165750 
         10.82971380585301           0.00000182430919 
         10.92727879509493           0.00000150074117 
         11.02484378433685           0.00000163977687 
         11.12240877357877           0.00000169602095 
         11.21997376282069           0.00000163193352 
         11.31753875206261           0.00000165297282 
         11.41510374130453           0.00000148266086 
         11.51266873054645           0.00000141197545 
         11.61023371978837           0.00000130519450 
         11.70779870903028           0.00000134981716 
         11.80536369827220           0.00000149203732 
         11.90292868751412           0.00000121747978 
         12.00049367675604           0.00000126321469 
         12.09805866599796           0.00000122154176 
         12.19562365523988           0.00000112342513 
         12.29318864448180           0.00000113426464 
         12.39075363372372           0.00000106467657 
         12.48831862296564           0.00000104860731 
         12.58588361220756           0.00000104566676 
         12.68344860144947           0.00000101570751 
         12.78101359069139           0.00000097331006 
         12.87857857993331           0.00000089923944 
         12.97614356917523           0.00000098784325 
         13.07370855841715           0.00000091767674 
         13.17127354765907           0.00000085682693 
         13.26883853690099           0.00000088466319 
         13.36640352614291           0.00000084609745 
         13.46396851538483           0.00000084459406 
         13.56153350462675           0.00000084074565 
         13.65909849386866           0.00000077987011 
         13.75666348311058           0.00000083167200 
         13.85422847235250           0.00000075586065 
         13.95179346159442           0.00000079211211 
         14.04935845083634           0.00000076668558 
         14.14692344007826           0.00000073930658 
         14.24448842932018           0.00000074142814 
         14.34205341856210           0.00000070353849 
         14.43961840780402           0.00000073871117 
         14.53718339704594           0.00000072767554 
         14.63474838628786           0.00000067697315 
         14.73231337552977           0.00000068794302 
         14.82987836477169           0.00000066980904 
         14.92744335401361           0.00000070623100 
         15.02500834325553           0.00000066888399 
         15.12257333249745           0.00000066205185 
         15.22013832173937           0.00000068719400 
         15.31770331098129           0.00000061281803 
         15.41526830022321           0.00000071054710 
