          0.09756498924192          38.97429761342402 
          0.19512997848384           0.83356763047168 
          0.29269496772576           1.02619873294588 
          0.39025995696768           0.18836452736497 
          0.48782494620960           0.15538523367548 
          0.58538993545151           0.08312984288692 
          0.68295492469343           0.05374473318263 
          0.78051991393535           0.03071418471286 
          0.87808490317727           0.01300634513113 
          0.97564989241919           0.00822794624333 
          1.07321488166111           0.01278550983791 
          1.17077987090303           0.00615949946757 
          1.26834486014495           0.00366695761546 
          1.36590984938687           0.00265040100565 
          1.46347483862879           0.00435836003336 
          1.56103982787070           0.00346239523650 
          1.65860481711262           0.00204177190492 
          1.75616980635454           0.00188919111788 
          1.85373479559646           0.00147335739423 
          1.95129978483838           0.00131308236326 
          2.04886477408030           0.00152552231538 
          2.14642976332222           0.00151484950720 
          2.24399475256414           0.00130006682017 
          2.34155974180606           0.00104872410399 
          2.43912473104798           0.00087233202940 
          2.53668972028990           0.00071038948324 
          2.63425470953181           0.00069167668743 
          2.73181969877373           0.00053023006322 
          2.82938468801565           0.00051070074940 
          2.92694967725757           0.00057520253550 
          3.02451466649949           0.00039681809815 
          3.12207965574141           0.00042951597125 
          3.21964464498333           0.00041364840470 
          3.31720963422525           0.00028638481935 
          3.41477462346717           0.00043275248464 
          3.51233961270909           0.00030315792909 
          3.60990460195100           0.00028741209848 
          3.70746959119292           0.00022801546503 
          3.80503458043484           0.00021952657026 
          3.90259956967676           0.00016463910160 
          4.00016455891868           0.00024057200989 
          4.09772954816060           0.00016604517380 
          4.19529453740252           0.00014789092336 
          4.29285952664444           0.00011114068456 
          4.39042451588636           0.00011093083461 
          4.48798950512828           0.00010725887234 
          4.58555449437019           0.00009734919896 
          4.68311948361211           0.00007745823421 
          4.78068447285403           0.00007719977963 
          4.87824946209595           0.00006164599338 
          4.97581445133787           0.00005494944955 
          5.07337944057979           0.00005157192884 
          5.17094442982171           0.00003333117055 
          5.26850941906363           0.00003931084255 
          5.36607440830555           0.00002509183595 
          5.46363939754747           0.00003466152035 
          5.56120438678938           0.00002336534005 
          5.65876937603130           0.00002260400691 
          5.75633436527322           0.00001700118732 
          5.85389935451514           0.00001700918979 
          5.95146434375706           0.00001420017016 
          6.04902933299898           0.00001256279319 
          6.14659432224090           0.00001222763769 
          6.24415931148282           0.00000903647665 
          6.34172430072474           0.00000898980938 
          6.43928928996666           0.00000820075335 
          6.53685427920858           0.00000761589870 
          6.63441926845050           0.00000565638824 
          6.73198425769241           0.00000512096086 
          6.82954924693433           0.00000551621822 
          6.92711423617625           0.00000510239471 
          7.02467922541817           0.00000450413002 
          7.12224421466009           0.00000417254501 
          7.21980920390201           0.00000401977756 
          7.31737419314393           0.00000394579922 
          7.41493918238585           0.00000339725522 
          7.51250417162777           0.00000345371810 
          7.61006916086968           0.00000346169897 
          7.70763415011160           0.00000311885671 
          7.80519913935352           0.00000295481886 
          7.90276412859544           0.00000311830722 
          8.00032911783736           0.00000311357386 
          8.09789410707928           0.00000314192608 
          8.19545909632120           0.00000259263331 
          8.29302408556312           0.00000260298827 
          8.39058907480504           0.00000239781285 
          8.48815406404696           0.00000247334174 
          8.58571905328887           0.00000240696758 
          8.68328404253079           0.00000240478784 
          8.78084903177271           0.00000257907532 
          8.87841402101463           0.00000231709375 
          8.97597901025655           0.00000241609367 
          9.07354399949847           0.00000261364485 
          9.17110898874039           0.00000228641942 
          9.26867397798231           0.00000245948978 
          9.36623896722423           0.00000245043086 
          9.46380395646615           0.00000221943540 
          9.56136894570806           0.00000219222111 
          9.65893393494999           0.00000222752577 
          9.75649892419190           0.00000241661480 
          9.85406391343382           0.00000193558644 
          9.95162890267574           0.00000194716835 
         10.04919389191766           0.00000205132312 
         10.14675888115958           0.00000200039683 
         10.24432387040150           0.00000203651262 
         10.34188885964342           0.00000179273038 
         10.43945384888534           0.00000193383221 
         10.53701883812725           0.00000189951027 
         10.63458382736917           0.00000205313554 
         10.73214881661109           0.00000174730090 
         10.82971380585301           0.00000160987228 
         10.92727879509493           0.00000184164313 
         11.02484378433685           0.00000171878583 
         11.12240877357877           0.00000168470043 
         11.21997376282069           0.00000171687909 
         11.31753875206261           0.00000160443094 
         11.41510374130453           0.00000173449956 
         11.51266873054645           0.00000145138397 
         11.61023371978837           0.00000148291716 
         11.70779870903028           0.00000147109360 
         11.80536369827220           0.00000152774751 
         11.90292868751412           0.00000132148986 
         12.00049367675604           0.00000120262424 
         12.09805866599796           0.00000137251794 
         12.19562365523988           0.00000121425512 
         12.29318864448180           0.00000131579304 
         12.39075363372372           0.00000124301247 
         12.48831862296564           0.00000112815456 
         12.58588361220756           0.00000122601517 
         12.68344860144947           0.00000110747031 
         12.78101359069139           0.00000117967185 
         12.87857857993331           0.00000096948732 
         12.97614356917523           0.00000110406805 
         13.07370855841715           0.00000112678196 
         13.17127354765907           0.00000103343638 
         13.26883853690099           0.00000105750610 
         13.36640352614291           0.00000096741412 
         13.46396851538483           0.00000102172942 
         13.56153350462675           0.00000099181941 
         13.65909849386866           0.00000092844412 
         13.75666348311058           0.00000093730455 
         13.85422847235250           0.00000096414923 
         13.95179346159442           0.00000096231781 
         14.04935845083634           0.00000096782858 
         14.14692344007826           0.00000089450536 
         14.24448842932018           0.00000092746987 
         14.34205341856210           0.00000090300325 
         14.43961840780402           0.00000087402948 
         14.53718339704594           0.00000090801661 
         14.63474838628786           0.00000084990446 
         14.73231337552977           0.00000090617143 
         14.82987836477169           0.00000084370306 
         14.92744335401361           0.00000085620802 
         15.02500834325553           0.00000079870413 
         15.12257333249745           0.00000083603483 
         15.22013832173937           0.00000082951129 
         15.31770331098129           0.00000080287483 
         15.41526830022321           0.00000086754445 
