          0.09756498924192          65.72668727286883 
          0.19512997848384           1.68801451737092 
          0.29269496772576           1.30109660597059 
          0.39025995696768           0.58406755042814 
          0.48782494620960           0.14221119664259 
          0.58538993545151           0.13737432743019 
          0.68295492469343           0.04158585249051 
          0.78051991393535           0.03246211484970 
          0.87808490317727           0.01686502813648 
          0.97564989241919           0.02073620764252 
          1.07321488166111           0.01301515352820 
          1.17077987090303           0.00973544099623 
          1.26834486014495           0.00692767890435 
          1.36590984938687           0.00361363190923 
          1.46347483862879           0.00592903160718 
          1.56103982787070           0.00454134161916 
          1.65860481711262           0.00442838572049 
          1.75616980635454           0.00224311361275 
          1.85373479559646           0.00325517411625 
          1.95129978483838           0.00169456900676 
          2.04886477408030           0.00221456533849 
          2.14642976332222           0.00166348097824 
          2.24399475256414           0.00163970986156 
          2.34155974180606           0.00195400434846 
          2.43912473104798           0.00116755838037 
          2.53668972028990           0.00114822064581 
          2.63425470953181           0.00129594426314 
          2.73181969877373           0.00132792224739 
          2.82938468801565           0.00101022871141 
          2.92694967725757           0.00081246807342 
          3.02451466649949           0.00096152579127 
          3.12207965574141           0.00088381974665 
          3.21964464498333           0.00064641696986 
          3.31720963422525           0.00056144128334 
          3.41477462346717           0.00049923827394 
          3.51233961270909           0.00058090042241 
          3.60990460195100           0.00052220972795 
          3.70746959119292           0.00038821326304 
          3.80503458043484           0.00049163343463 
          3.90259956967676           0.00041435879849 
          4.00016455891868           0.00032670483218 
          4.09772954816060           0.00034421513432 
          4.19529453740252           0.00028679442266 
          4.29285952664444           0.00022646776913 
          4.39042451588636           0.00017454323830 
          4.48798950512828           0.00018456384755 
          4.58555449437019           0.00019232827079 
          4.68311948361211           0.00017773846772 
          4.78068447285403           0.00013942640189 
          4.87824946209595           0.00011622901229 
          4.97581445133787           0.00009979899883 
          5.07337944057979           0.00011232050920 
          5.17094442982171           0.00007341044943 
          5.26850941906363           0.00007609299249 
          5.36607440830555           0.00005906474359 
          5.46363939754747           0.00005658402726 
          5.56120438678938           0.00004917451488 
          5.65876937603130           0.00004303122145 
          5.75633436527322           0.00003423070576 
          5.85389935451514           0.00003392459888 
          5.95146434375706           0.00002877323670 
          6.04902933299898           0.00002777599910 
          6.14659432224090           0.00002213623869 
          6.24415931148282           0.00002005721473 
          6.34172430072474           0.00002046431795 
          6.43928928996666           0.00001780529413 
          6.53685427920858           0.00001817136415 
          6.63441926845050           0.00001555718725 
          6.73198425769241           0.00001509218278 
          6.82954924693433           0.00001466487500 
          6.92711423617625           0.00001374998979 
          7.02467922541817           0.00001297384301 
          7.12224421466009           0.00001273138830 
          7.21980920390201           0.00001288182907 
          7.31737419314393           0.00001102967351 
          7.41493918238585           0.00001060645589 
          7.51250417162777           0.00001070435205 
          7.61006916086968           0.00001098965026 
          7.70763415011160           0.00001071876876 
          7.80519913935352           0.00000950118112 
          7.90276412859544           0.00001014349901 
          8.00032911783736           0.00000933927376 
          8.09789410707928           0.00001011036740 
          8.19545909632120           0.00000921218860 
          8.29302408556312           0.00000907059503 
          8.39058907480504           0.00000862366202 
          8.48815406404696           0.00000903949209 
          8.58571905328887           0.00000923429858 
          8.68328404253079           0.00000831794164 
          8.78084903177271           0.00000928590938 
          8.87841402101463           0.00000855351263 
          8.97597901025655           0.00000828168064 
          9.07354399949847           0.00000833351625 
          9.17110898874039           0.00000845721059 
          9.26867397798231           0.00000819143644 
          9.36623896722423           0.00000816192739 
          9.46380395646615           0.00000794666885 
          9.56136894570806           0.00000816712711 
          9.65893393494999           0.00000789380093 
          9.75649892419190           0.00000865120667 
          9.85406391343382           0.00000777823485 
          9.95162890267574           0.00000782968495 
         10.04919389191766           0.00000793454038 
         10.14675888115958           0.00000800301465 
         10.24432387040150           0.00000849505114 
         10.34188885964342           0.00000723836131 
         10.43945384888534           0.00000765902086 
         10.53701883812725           0.00000767020461 
         10.63458382736917           0.00000780050449 
         10.73214881661109           0.00000741748201 
         10.82971380585301           0.00000661442210 
         10.92727879509493           0.00000753209869 
         11.02484378433685           0.00000688312177 
         11.12240877357877           0.00000628683044 
         11.21997376282069           0.00000720383554 
         11.31753875206261           0.00000683026035 
         11.41510374130453           0.00000679417561 
         11.51266873054645           0.00000670944119 
         11.61023371978837           0.00000688364427 
         11.70779870903028           0.00000602459705 
         11.80536369827220           0.00000655581201 
         11.90292868751412           0.00000616158614 
         12.00049367675604           0.00000632492938 
         12.09805866599796           0.00000635155360 
         12.19562365523988           0.00000620118063 
         12.29318864448180           0.00000680516425 
         12.39075363372372           0.00000624186654 
         12.48831862296564           0.00000582860074 
         12.58588361220756           0.00000630918996 
         12.68344860144947           0.00000592269378 
         12.78101359069139           0.00000603193338 
         12.87857857993331           0.00000558762655 
         12.97614356917523           0.00000582004749 
         13.07370855841715           0.00000605147856 
         13.17127354765907           0.00000571059211 
         13.26883853690099           0.00000569441261 
         13.36640352614291           0.00000567671143 
         13.46396851538483           0.00000562048437 
         13.56153350462675           0.00000586167817 
         13.65909849386866           0.00000538432057 
         13.75666348311058           0.00000567862002 
         13.85422847235250           0.00000549722651 
         13.95179346159442           0.00000546268420 
         14.04935845083634           0.00000542929923 
         14.14692344007826           0.00000526970973 
         14.24448842932018           0.00000540599459 
         14.34205341856210           0.00000536293470 
         14.43961840780402           0.00000532471581 
         14.53718339704594           0.00000541728001 
         14.63474838628786           0.00000534563546 
         14.73231337552977           0.00000556308542 
         14.82987836477169           0.00000516325408 
         14.92744335401361           0.00000529221492 
         15.02500834325553           0.00000504442634 
         15.12257333249745           0.00000528415057 
         15.22013832173937           0.00000516420364 
         15.31770331098129           0.00000503949329 
         15.41526830022321           0.00000531425741 
