          0.09756498924192          33.30247386806743 
          0.19512997848384           4.87574746358126 
          0.29269496772576           2.26120696464073 
          0.39025995696768           0.37380801191365 
          0.48782494620960           0.15751366396076 
          0.58538993545151           0.12108661818012 
          0.68295492469343           0.05587511389825 
          0.78051991393535           0.03416411637151 
          0.87808490317727           0.01867555506869 
          0.97564989241919           0.01633166694805 
          1.07321488166111           0.01460312890355 
          1.17077987090303           0.01594024979124 
          1.26834486014495           0.00770903564839 
          1.36590984938687           0.00497147735807 
          1.46347483862879           0.00458263144804 
          1.56103982787070           0.00377775051948 
          1.65860481711262           0.00421975207277 
          1.75616980635454           0.00411305712289 
          1.85373479559646           0.00354596273191 
          1.95129978483838           0.00388240463038 
          2.04886477408030           0.00221161191816 
          2.14642976332222           0.00279360369491 
          2.24399475256414           0.00228039444727 
          2.34155974180606           0.00192504069662 
          2.43912473104798           0.00209751686770 
          2.53668972028990           0.00156904975035 
          2.63425470953181           0.00124473794344 
          2.73181969877373           0.00159653992465 
          2.82938468801565           0.00099921146439 
          2.92694967725757           0.00095778874070 
          3.02451466649949           0.00113700446544 
          3.12207965574141           0.00097002558125 
          3.21964464498333           0.00094845553887 
          3.31720963422525           0.00105030225991 
          3.41477462346717           0.00084096164120 
          3.51233961270909           0.00048661351152 
          3.60990460195100           0.00051473517147 
          3.70746959119292           0.00048691506400 
          3.80503458043484           0.00058346802391 
          3.90259956967676           0.00052666173385 
          4.00016455891868           0.00036582016497 
          4.09772954816060           0.00041529471602 
          4.19529453740252           0.00029582785157 
          4.29285952664444           0.00027877519115 
          4.39042451588636           0.00027744699849 
          4.48798950512828           0.00025586780367 
          4.58555449437019           0.00024315663601 
          4.68311948361211           0.00018926905032 
          4.78068447285403           0.00017685008756 
          4.87824946209595           0.00017010728028 
          4.97581445133787           0.00014660839283 
          5.07337944057979           0.00012093535473 
          5.17094442982171           0.00010099252517 
          5.26850941906363           0.00007190435548 
          5.36607440830555           0.00007639353696 
          5.46363939754747           0.00006298309799 
          5.56120438678938           0.00006854780733 
          5.65876937603130           0.00006040804684 
          5.75633436527322           0.00004376729478 
          5.85389935451514           0.00003424113741 
          5.95146434375706           0.00003318762063 
          6.04902933299898           0.00002869716358 
