          0.09756498924192          62.68309728864594 
          0.19512997848384           3.97610448782754 
          0.29269496772576           1.11772919242891 
          0.39025995696768           0.86047269848272 
          0.48782494620960           0.19384935551747 
          0.58538993545151           0.11715681022551 
          0.68295492469343           0.10718352442803 
          0.78051991393535           0.05900534618579 
          0.87808490317727           0.05134622675128 
          0.97564989241919           0.02196018658788 
          1.07321488166111           0.01797409128721 
          1.17077987090303           0.00808196867549 
          1.26834486014495           0.01417739636345 
          1.36590984938687           0.01298368622064 
          1.46347483862879           0.00820283086350 
          1.56103982787070           0.00829152887542 
          1.65860481711262           0.00505088476497 
          1.75616980635454           0.00500579778086 
          1.85373479559646           0.00445801008006 
          1.95129978483838           0.00409727006753 
          2.04886477408030           0.00343152800456 
          2.14642976332222           0.00238188017388 
          2.24399475256414           0.00244999800691 
          2.34155974180606           0.00268416700868 
          2.43912473104798           0.00236703602701 
          2.53668972028990           0.00234908067320 
          2.63425470953181           0.00239463941387 
          2.73181969877373           0.00270030575977 
          2.82938468801565           0.00237893404151 
          2.92694967725757           0.00122513740211 
          3.02451466649949           0.00146015289330 
          3.12207965574141           0.00187530988797 
          3.21964464498333           0.00212401456134 
          3.31720963422525           0.00166066889447 
          3.41477462346717           0.00151531125481 
          3.51233961270909           0.00133053937637 
          3.60990460195100           0.00117554307979 
          3.70746959119292           0.00103417818945 
          3.80503458043484           0.00138234942764 
          3.90259956967676           0.00113375745292 
          4.00016455891868           0.00096886066165 
          4.09772954816060           0.00070459493419 
          4.19529453740252           0.00090226320202 
          4.29285952664444           0.00068424230265 
          4.39042451588636           0.00059997181939 
          4.48798950512828           0.00063772826496 
          4.58555449437019           0.00047267460308 
          4.68311948361211           0.00040122356024 
          4.78068447285403           0.00043489531868 
          4.87824946209595           0.00036660616078 
          4.97581445133787           0.00028968484560 
          5.07337944057979           0.00025093979258 
          5.17094442982171           0.00021491419474 
          5.26850941906363           0.00021150024762 
          5.36607440830555           0.00016349781643 
          5.46363939754747           0.00015938949727 
          5.56120438678938           0.00015270374834 
          5.65876937603130           0.00012448526226 
          5.75633436527322           0.00012511847838 
          5.85389935451514           0.00007689412657 
          5.95146434375706           0.00008403061020 
          6.04902933299898           0.00007398049759 
