          0.08622458223109        5046.77156407660730 
          0.17244916446218         222.87042569230613 
          0.25867374669327          22.74806921778531 
          0.34489832892436           9.08124487315349 
          0.43112291115545           1.52732604585215 
          0.51734749338654           0.78906406659825 
          0.60357207561764           0.96270751806677 
          0.68979665784873           0.24986081931827 
          0.77602124007982           0.21718448979591 
          0.86224582231091           0.11589179885168 
          0.94847040454200           0.07577747706144 
          1.03469498677309           0.05938367129049 
          1.12091956900418           0.04978272498570 
          1.20714415123527           0.03079663932665 
          1.29336873346636           0.03382557328970 
          1.37959331569745           0.02024995946382 
          1.46581789792854           0.02871578777569 
          1.55204248015963           0.01904878659914 
          1.63826706239073           0.01714369890772 
          1.72449164462182           0.00968844356260 
          1.81071622685291           0.00903210827195 
          1.89694080908400           0.01028344128344 
          1.98316539131509           0.00711041400060 
          2.06938997354618           0.00469411555287 
          2.15561455577727           0.00475637104017 
          2.24183913800836           0.00528556630669 
          2.32806372023945           0.00427067697137 
          2.41428830247054           0.00374566199228 
          2.50051288470163           0.00400782134239 
          2.58673746693272           0.00359533459713 
          2.67296204916381           0.00202657332601 
          2.75918663139491           0.00257313537184 
          2.84541121362600           0.00364992032297 
          2.93163579585709           0.00287106857736 
          3.01786037808818           0.00195806138326 
          3.10408496031927           0.00182647731135 
          3.19030954255036           0.00216462745742 
          3.27653412478145           0.00184189822906 
          3.36275870701254           0.00178906792277 
          3.44898328924363           0.00137246137177 
          3.53520787147472           0.00149628862936 
          3.62143245370581           0.00134320607949 
          3.70765703593690           0.00144494142723 
          3.79388161816800           0.00150124145826 
          3.88010620039909           0.00107005928861 
          3.96633078263018           0.00118899093527 
          4.05255536486127           0.00117048675968 
          4.13877994709236           0.00110617557947 
          4.22500452932345           0.00097270414644 
          4.31122911155454           0.00102700227006 
          4.39745369378563           0.00096499230364 
          4.48367827601672           0.00084918179911 
          4.56990285824781           0.00082497386632 
          4.65612744047890           0.00084601989795 
          4.74235202270999           0.00069988772213 
          4.82857660494108           0.00077118213908 
          4.91480118717218           0.00067996950485 
          5.00102576940327           0.00070810194360 
          5.08725035163436           0.00070970940033 
          5.17347493386545           0.00058161272259 
          5.25969951609654           0.00065632599863 
          5.34592409832763           0.00065261328220 
          5.43214868055872           0.00064365872929 
          5.51837326278981           0.00061529570521 
          5.60459784502090           0.00056329602649 
          5.69082242725199           0.00061960939942 
          5.77704700948308           0.00061902669926 
          5.86327159171418           0.00054524550927 
          5.94949617394527           0.00057819842403 
          6.03572075617636           0.00053707396130 
          6.12194533840745           0.00057236936456 
