          0.08227295151473         166.12531582510624 
          0.16454590302945           6.06612325693899 
          0.24681885454418           8.74386622937648 
          0.32909180605890           4.85596944518561 
          0.41136475757363           1.35848815403294 
          0.49363770908835           1.03960511367792 
          0.57591066060308           0.29833943497637 
          0.65818361211780           0.25174579143910 
          0.74045656363253           0.12919058214460 
          0.82272951514725           0.12840034397006 
          0.90500246666198           0.12243261597833 
          0.98727541817671           0.04866458314068 
          1.06954836969143           0.04775231430346 
          1.15182132120616           0.04055911898516 
          1.23409427272088           0.02634310953435 
          1.31636722423561           0.02134778358441 
          1.39864017575033           0.02323970171185 
          1.48091312726506           0.01956050811689 
          1.56318607877978           0.01130522600936 
          1.64545903029451           0.01100007093004 
          1.72773198180924           0.00779290122085 
          1.81000493332396           0.00559998478873 
          1.89227788483869           0.00687542895151 
          1.97455083635341           0.00515191312875 
          2.05682378786814           0.00488800768355 
          2.13909673938286           0.00341638563894 
          2.22136969089759           0.00459814438974 
          2.30364264241231           0.00306082965405 
          2.38591559392704           0.00194836901468 
          2.46818854544176           0.00194853314569 
          2.55046149695649           0.00200862647867 
          2.63273444847122           0.00207780964144 
          2.71500739998594           0.00153751111622 
          2.79728035150067           0.00127570890821 
          2.87955330301539           0.00108774174236 
          2.96182625453012           0.00109972613504 
          3.04409920604484           0.00079974955166 
          3.12637215755957           0.00110637950993 
          3.20864510907429           0.00081302821866 
          3.29091806058902           0.00066491079988 
          3.37319101210374           0.00059901527206 
          3.45546396361847           0.00051156690665 
          3.53773691513320           0.00045109092289 
          3.62000986664792           0.00039281786215 
          3.70228281816265           0.00044658987252 
          3.78455576967737           0.00035165050458 
          3.86682872119210           0.00036075818013 
          3.94910167270682           0.00031561757410 
          4.03137462422155           0.00030751536155 
          4.11364757573627           0.00018905856274 
          4.19592052725100           0.00022707324283 
          4.27819347876573           0.00020644154565 
          4.36046643028045           0.00015808046438 
          4.44273938179518           0.00015711577495 
          4.52501233330990           0.00012876191220 
          4.60728528482463           0.00011274130625 
          4.68955823633935           0.00010425832515 
          4.77183118785408           0.00008472947026 
          4.85410413936880           0.00010336276032 
          4.93637709088353           0.00006703200469 
          5.01865004239825           0.00007677468807 
          5.10092299391298           0.00007186318059 
          5.18319594542771           0.00004988704318 
          5.26546889694243           0.00005145625480 
          5.34774184845716           0.00004577584974 
          5.43001479997188           0.00004471966794 
          5.51228775148661           0.00003774443176 
          5.59456070300133           0.00003342898108 
          5.67683365451606           0.00003148186017 
          5.75910660603078           0.00002902030156 
          5.84137955754551           0.00003035494742 
          5.92365250906024           0.00002641213732 
          6.00592546057496           0.00002361871939 
          6.08819841208969           0.00002174396527 
