          0.09641223426699        4850.80768047696620 
          0.19282446853398          38.13466143134600 
          0.28923670280096           3.57433116953787 
          0.38564893706795           1.50796110188294 
          0.48206117133494           0.82961335451652 
          0.57847340560193           0.21091295164343 
          0.67488563986891           0.26301769970264 
          0.77129787413590           0.10228681650361 
          0.86771010840289           0.03840098523917 
          0.96412234266988           0.03867662774107 
          1.06053457693686           0.03680538576451 
          1.15694681120385           0.02147574043250 
          1.25335904547084           0.02489118197921 
          1.34977127973783           0.01196152361347 
          1.44618351400481           0.01205009151780 
          1.54259574827180           0.00698951542267 
          1.63900798253879           0.00722309173921 
          1.73542021680578           0.00652320314928 
          1.83183245107277           0.00508938504438 
          1.92824468533975           0.00411557397067 
          2.02465691960674           0.00358323661543 
          2.12106915387373           0.00440494791631 
          2.21748138814072           0.00285357165584 
          2.31389362240770           0.00373583964701 
          2.41030585667469           0.00269852644604 
          2.50671809094168           0.00217652731754 
          2.60313032520867           0.00168732779325 
          2.69954255947565           0.00207218201387 
          2.79595479374264           0.00149178535645 
          2.89236702800963           0.00173804578521 
          2.98877926227662           0.00138164193970 
          3.08519149654361           0.00122192668972 
          3.18160373081059           0.00129890167875 
          3.27801596507758           0.00109327689374 
          3.37442819934457           0.00124243900649 
          3.47084043361156           0.00076975531717 
          3.56725266787854           0.00093966396434 
          3.66366490214553           0.00074544658204 
          3.76007713641252           0.00064446991102 
          3.85648937067951           0.00078347515331 
          3.95290160494649           0.00076015477085 
          4.04931383921348           0.00063786044614 
          4.14572607348047           0.00055100670219 
          4.24213830774746           0.00047440588894 
          4.33855054201444           0.00034327987793 
          4.43496277628143           0.00038865370732 
          4.53137501054842           0.00034195472177 
          4.62778724481541           0.00031288744361 
          4.72419947908240           0.00027329351228 
          4.82061171334938           0.00021097956824 
          4.91702394761637           0.00019722099871 
          5.01343618188336           0.00019496237728 
          5.10984841615035           0.00014366695788 
          5.20626065041733           0.00013535225023 
          5.30267288468432           0.00011095134091 
          5.39908511895131           0.00012027792401 
          5.49549735321830           0.00010132806061 
          5.59190958748528           0.00009677429329 
          5.68832182175227           0.00005749140213 
          5.78473405601926           0.00006122205307 
          5.88114629028625           0.00006238004994 
          5.97755852455323           0.00005960822956 
          6.07397075882022           0.00005504576801 
