          0.09538766217063         303.93224734905425 
          0.19077532434127          60.85922486419507 
          0.28616298651190           6.79564922753711 
          0.38155064868253           1.30797538688087 
          0.47693831085316           0.63960571352298 
          0.57232597302380           0.33637005132732 
          0.66771363519443           0.12229162930423 
          0.76310129736506           0.09046668622324 
          0.85848895953570           0.07745215424326 
          0.95387662170633           0.04276623192966 
          1.04926428387696           0.03917217277215 
          1.14465194604759           0.01995954869674 
          1.24003960821823           0.01742312453713 
          1.33542727038886           0.01332253596197 
          1.43081493255949           0.01342387895837 
          1.52620259473013           0.00927391906878 
          1.62159025690076           0.00571677962369 
          1.71697791907139           0.00740478445115 
          1.81236558124202           0.00561276537481 
          1.90775324341266           0.00498601133849 
          2.00314090558329           0.00463057757573 
          2.09852856775392           0.00299835558991 
          2.19391622992456           0.00340603861501 
          2.28930389209519           0.00311743049755 
          2.38469155426582           0.00219391937569 
          2.48007921643645           0.00189509045306 
          2.57546687860709           0.00185486531416 
          2.67085454077772           0.00259512040929 
          2.76624220294835           0.00173292505761 
          2.86162986511899           0.00134441460504 
          2.95701752728962           0.00135812492839 
          3.05240518946025           0.00122744745438 
          3.14779285163088           0.00097827999603 
          3.24318051380152           0.00108623658831 
          3.33856817597215           0.00098503584858 
          3.43395583814278           0.00083966179943 
          3.52934350031342           0.00074413219795 
          3.62473116248405           0.00064145036742 
          3.72011882465468           0.00042912895015 
          3.81550648682531           0.00058848018362 
          3.91089414899595           0.00057101098008 
          4.00628181116658           0.00053349654343 
          4.10166947333721           0.00055036774301 
          4.19705713550785           0.00048636718084 
          4.29244479767848           0.00039967902873 
          4.38783245984911           0.00033276906314 
          4.48322012201975           0.00026957593996 
          4.57860778419038           0.00027839300567 
          4.67399544636101           0.00025480287792 
          4.76938310853164           0.00020780254901 
          4.86477077070228           0.00018811009132 
          4.96015843287291           0.00014685385345 
          5.05554609504354           0.00015559656556 
          5.15093375721418           0.00012993259859 
          5.24632141938481           0.00011689724948 
          5.34170908155544           0.00009788363136 
          5.43709674372607           0.00008155147412 
          5.53248440589671           0.00007218836184 
          5.62787206806734           0.00005732915789 
          5.72325973023797           0.00005705622183 
          5.81864739240861           0.00005110618729 
          5.91403505457924           0.00003967603473 
          6.00942271674987           0.00004114773067 
          6.10481037892050           0.00003572392038 
          6.20019804109114           0.00002882405457 
          6.29558570326177           0.00002570303512 
          6.39097336543240           0.00002474491623 
          6.48636102760304           0.00001962559213 
          6.58174868977367           0.00001852557129 
          6.67713635194430           0.00001775618689 
          6.77252401411493           0.00001623351615 
          6.86791167628557           0.00001547245170 
          6.96329933845620           0.00001455733851 
          7.05868700062683           0.00001370099100 
          7.15407466279747           0.00001177144937 
          7.24946232496810           0.00001166121988 
          7.34484998713873           0.00001031232867 
          7.44023764930936           0.00001109915201 
          7.53562531148000           0.00000979380975 
          7.63101297365063           0.00000926992464 
          7.72640063582126           0.00000933959951 
          7.82178829799189           0.00000826936156 
          7.91717596016253           0.00000898123757 
          8.01256362233316           0.00000746117081 
          8.10795128450379           0.00000796442342 
          8.20333894667443           0.00000673981436 
          8.29872660884506           0.00000784352513 
          8.39411427101569           0.00000695557837 
          8.48950193318633           0.00000620964480 
          8.58488959535696           0.00000737742979 
          8.68027725752759           0.00000684113121 
          8.77566491969822           0.00000632610803 
          8.87105258186886           0.00000660408551 
          8.96644024403949           0.00000587146421 
          9.06182790621012           0.00000608896909 
          9.15721556838075           0.00000627500370 
          9.25260323055139           0.00000567603955 
          9.34799089272202           0.00000533626288 
          9.44337855489266           0.00000567052941 
          9.53876621706329           0.00000538898612 
          9.63415387923392           0.00000552491539 
          9.72954154140455           0.00000499985984 
          9.82492920357518           0.00000560914310 
          9.92031686574582           0.00000526642748 
         10.01570452791645           0.00000478933160 
         10.11109219008709           0.00000468558723 
         10.20647985225772           0.00000411464802 
         10.30186751442835           0.00000428191342 
         10.39725517659898           0.00000447222301 
         10.49264283876962           0.00000405416550 
         10.58803050094025           0.00000394930454 
         10.68341816311088           0.00000347537517 
         10.77880582528151           0.00000372996395 
         10.87419348745215           0.00000367025433 
         10.96958114962278           0.00000349590813 
         11.06496881179341           0.00000345768566 
         11.16035647396405           0.00000345077276 
         11.25574413613468           0.00000330357630 
         11.35113179830531           0.00000295825647 
         11.44651946047594           0.00000286139541 
         11.54190712264658           0.00000332778043 
         11.63729478481721           0.00000292888908 
         11.73268244698784           0.00000259859979 
         11.82807010915848           0.00000270593608 
         11.92345777132911           0.00000233685193 
         12.01884543349974           0.00000242692409 
         12.11423309567038           0.00000227320285 
         12.20962075784101           0.00000221662296 
         12.30500842001164           0.00000222500221 
         12.40039608218227           0.00000200343922 
         12.49578374435291           0.00000234488116 
         12.59117140652354           0.00000184995007 
         12.68655906869417           0.00000196646557 
         12.78194673086481           0.00000196857733 
         12.87733439303544           0.00000179666371 
         12.97272205520607           0.00000180968882 
         13.06810971737670           0.00000166396979 
         13.16349737954734           0.00000169599029 
         13.25888504171797           0.00000160421713 
         13.35427270388860           0.00000146392231 
         13.44966036605923           0.00000152638977 
         13.54504802822987           0.00000141898178 
         13.64043569040050           0.00000139291828 
         13.73582335257113           0.00000144482214 
         13.83121101474177           0.00000138178031 
         13.92659867691240           0.00000135238044 
         14.02198633908303           0.00000124671345 
         14.11737400125367           0.00000123643269 
         14.21276166342430           0.00000127104401 
         14.30814932559493           0.00000118745813 
         14.40353698776556           0.00000119158519 
         14.49892464993620           0.00000109440446 
         14.59431231210683           0.00000120795944 
         14.68969997427746           0.00000105940989 
         14.78508763644810           0.00000110047239 
         14.88047529861873           0.00000104261423 
         14.97586296078936           0.00000099273915 
         15.07125062295999           0.00000100394008 
         15.16663828513063           0.00000097134362 
         15.26202594730126           0.00000097221020 
         15.35741360947189           0.00000089596824 
         15.45280127164252           0.00000088373962 
         15.54818893381316           0.00000092639450 
         15.64357659598379           0.00000086455111 
         15.73896425815442           0.00000086477278 
         15.83435192032506           0.00000084000770 
         15.92973958249569           0.00000085391255 
         16.02512724466632           0.00000086829646 
         16.12051490683696           0.00000078174123 
         16.21590256900759           0.00000082283350 
         16.31129023117822           0.00000078828387 
         16.40667789334885           0.00000077245657 
         16.50206555551949           0.00000069062770 
         16.59745321769012           0.00000070736181 
         16.69284087986075           0.00000073619544 
         16.78822854203138           0.00000070840372 
         16.88361620420202           0.00000069331290 
         16.97900386637265           0.00000068118633 
         17.07439152854328           0.00000063930714 
         17.16977919071392           0.00000068047795 
         17.26516685288455           0.00000064943991 
         17.36055451505518           0.00000062075237 
         17.45594217722582           0.00000060845612 
         17.55132983939645           0.00000062217868 
         17.64671750156708           0.00000060872564 
         17.74210516373771           0.00000057920354 
         17.83749282590835           0.00000059445596 
         17.93288048807898           0.00000058208640 
         18.02826815024961           0.00000054867962 
         18.12365581242025           0.00000055353144 
         18.21904347459088           0.00000053192478 
         18.31443113676151           0.00000053466189 
         18.40981879893214           0.00000050595677 
         18.50520646110278           0.00000052740766 
         18.60059412327341           0.00000050042165 
         18.69598178544404           0.00000049238421 
         18.79136944761467           0.00000048349258 
         18.88675710978531           0.00000047411866 
         18.98214477195594           0.00000047467091 
         19.07753243412657           0.00000047578220 
         19.17292009629721           0.00000049157687 
         19.26830775846784           0.00000046853088 
         19.36369542063847           0.00000042768364 
         19.45908308280911           0.00000044525204 
         19.55447074497974           0.00000042875669 
         19.64985840715037           0.00000043477186 
         19.74524606932100           0.00000043774794 
         19.84063373149164           0.00000041992972 
         19.93602139366227           0.00000041354620 
         20.03140905583290           0.00000039818211 
         20.12679671800354           0.00000040028421 
         20.22218438017417           0.00000039196260 
         20.31757204234480           0.00000039058578 
         20.41295970451543           0.00000038718227 
         20.50834736668607           0.00000039140864 
         20.60373502885670           0.00000036116612 
         20.69912269102733           0.00000037314182 
         20.79451035319796           0.00000037706509 
         20.88989801536860           0.00000036358627 
         20.98528567753923           0.00000035233439 
         21.08067333970987           0.00000035347083 
         21.17606100188050           0.00000033497571 
         21.27144866405113           0.00000035185185 
         21.36683632622176           0.00000033149831 
         21.46222398839240           0.00000033679047 
         21.55761165056303           0.00000032503132 
         21.65299931273366           0.00000033207320 
         21.74838697490429           0.00000032210740 
         21.84377463707493           0.00000030532123 
         21.93916229924556           0.00000031833388 
         22.03454996141619           0.00000030665071 
         22.12993762358683           0.00000030990996 
         22.22532528575746           0.00000029388180 
         22.32071294792809           0.00000028966808 
         22.41610061009872           0.00000029657405 
         22.51148827226936           0.00000029216835 
         22.60687593443999           0.00000028845215 
         22.70226359661062           0.00000028936086 
         22.79765125878125           0.00000027437452 
         22.89303892095189           0.00000028960020 
         22.98842658312252           0.00000026674764 
         23.08381424529316           0.00000026904312 
         23.17920190746379           0.00000027404611 
         23.27458956963442           0.00000026560624 
         23.36997723180505           0.00000026854098 
         23.46536489397569           0.00000024624545 
         23.56075255614632           0.00000025436234 
         23.65614021831695           0.00000025818633 
         23.75152788048758           0.00000024993920 
         23.84691554265822           0.00000024631095 
         23.94230320482885           0.00000024027195 
         24.03769086699948           0.00000024586848 
         24.13307852917012           0.00000023875603 
         24.22846619134075           0.00000023201017 
         24.32385385351138           0.00000023273270 
         24.41924151568201           0.00000024006587 
         24.51462917785265           0.00000023854171 
         24.61001684002328           0.00000022239893 
         24.70540450219391           0.00000022501069 
         24.80079216436455           0.00000022256696 
         24.89617982653518           0.00000021823834 
         24.99156748870582           0.00000022011689 
         25.08695515087645           0.00000022436857 
         25.18234281304708           0.00000021892087 
         25.27773047521771           0.00000020846018 
         25.37311813738834           0.00000021240194 
         25.46850579955898           0.00000021192837 
         25.56389346172961           0.00000020176659 
         25.65928112390024           0.00000020841310 
         25.75466878607087           0.00000020586027 
         25.85005644824151           0.00000020184865 
         25.94544411041214           0.00000020020197 
         26.04083177258277           0.00000020146953 
         26.13621943475341           0.00000020458294 
         26.23160709692404           0.00000019345629 
         26.32699475909467           0.00000019676846 
         26.42238242126530           0.00000019047064 
         26.51777008343594           0.00000019439397 
         26.61315774560657           0.00000018946778 
         26.70854540777720           0.00000018975681 
         26.80393306994784           0.00000018620424 
         26.89932073211847           0.00000018674152 
         26.99470839428911           0.00000018234386 
         27.09009605645974           0.00000017973103 
         27.18548371863037           0.00000018617886 
         27.28087138080100           0.00000018339839 
         27.37625904297163           0.00000017931747 
         27.47164670514227           0.00000018277356 
         27.56703436731290           0.00000017418547 
         27.66242202948353           0.00000017102760 
         27.75780969165416           0.00000018424041 
         27.85319735382480           0.00000016901649 
         27.94858501599543           0.00000017379674 
         28.04397267816606           0.00000017637653 
         28.13936034033670           0.00000017384755 
         28.23474800250733           0.00000016639356 
         28.33013566467797           0.00000016751141 
         28.42552332684860           0.00000017171912 
         28.52091098901923           0.00000016804874 
         28.61629865118986           0.00000016665013 
         28.71168631336049           0.00000016490372 
         28.80707397553113           0.00000016249876 
         28.90246163770176           0.00000016640270 
         28.99784929987239           0.00000016556380 
         29.09323696204303           0.00000015879322 
         29.18862462421366           0.00000016417183 
         29.28401228638429           0.00000016145919 
         29.37939994855492           0.00000016453083 
         29.47478761072556           0.00000015376237 
         29.57017527289619           0.00000016033520 
         29.66556293506682           0.00000015824737 
         29.76095059723745           0.00000015822359 
         29.85633825940809           0.00000015812538 
         29.95172592157872           0.00000015413671 
         30.04711358374935           0.00000015657262 
         30.14250124591999           0.00000015497163 
         30.23788890809062           0.00000015564900 
         30.33327657026126           0.00000015269928 
         30.42866423243189           0.00000015530444 
         30.52405189460252           0.00000015473075 
         30.61943955677315           0.00000015390239 
         30.71482721894378           0.00000014749532 
         30.81021488111442           0.00000014993530 
         30.90560254328505           0.00000015465836 
         31.00099020545568           0.00000014757783 
         31.09637786762631           0.00000014940934 
         31.19176552979695           0.00000014721256 
         31.28715319196758           0.00000014686217 
