          0.08706090213634          37.97689479596510 
          0.17412180427268           8.54008948555353 
          0.26118270640902          10.04194020893659 
          0.34824360854536           1.17107786497771 
          0.43530451068170           1.16530770221375 
          0.52236541281803           0.23690301951734 
          0.60942631495437           0.14928185969926 
          0.69648721709071           0.14498021365333 
          0.78354811922705           0.09628824182190 
          0.87060902136339           0.07385211902322 
          0.95766992349973           0.06205732847678 
          1.04473082563607           0.04356399194306 
          1.13179172777241           0.02234542722500 
          1.21885262990875           0.02070149327082 
          1.30591353204509           0.01661075699477 
          1.39297443418142           0.01118267676976 
          1.48003533631776           0.01480253910737 
          1.56709623845410           0.00996335088074 
          1.65415714059044           0.00877706788903 
          1.74121804272678           0.00739556758464 
          1.82827894486312           0.00602088054173 
          1.91533984699946           0.00488417298158 
          2.00240074913580           0.00459950483919 
          2.08946165127214           0.00455102980334 
          2.17652255340848           0.00323517184348 
          2.26358345554481           0.00224009656202 
          2.35064435768115           0.00281848195063 
          2.43770525981749           0.00227276920692 
          2.52476616195383           0.00170369055599 
          2.61182706409017           0.00162556416522 
          2.69888796622651           0.00167533854515 
          2.78594886836285           0.00139562012994 
          2.87300977049919           0.00132380470180 
          2.96007067263553           0.00110402288423 
          3.04713157477187           0.00131229864683 
          3.13419247690821           0.00086330769632 
          3.22125337904454           0.00090980637492 
          3.30831428118088           0.00071304689079 
          3.39537518331722           0.00073539060679 
          3.48243608545356           0.00066211376664 
          3.56949698758990           0.00060477698694 
          3.65655788972624           0.00060918578500 
          3.74361879186258           0.00055633106730 
          3.83067969399892           0.00041903865012 
          3.91774059613526           0.00037144748804 
          4.00480149827160           0.00035920971425 
          4.09186240040793           0.00026977208639 
          4.17892330254427           0.00024625706266 
          4.26598420468061           0.00026926606808 
          4.35304510681695           0.00022177543656 
          4.44010600895329           0.00021101989941 
          4.52716691108963           0.00020324049975 
          4.61422781322597           0.00020070795224 
          4.70128871536231           0.00017451659272 
          4.78834961749865           0.00012705233581 
          4.87541051963499           0.00012228953774 
          4.96247142177132           0.00012342143383 
          5.04953232390766           0.00008834341979 
          5.13659322604400           0.00008626141948 
          5.22365412818034           0.00007811340836 
          5.31071503031668           0.00007057253720 
          5.39777593245302           0.00005530696097 
          5.48483683458936           0.00005707183887 
          5.57189773672570           0.00006027639881 
          5.65895863886204           0.00005635657112 
          5.74601954099838           0.00005063702332 
          5.83308044313471           0.00004654991360 
          5.92014134527105           0.00004257677343 
          6.00720224740739           0.00004345999337 
          6.09426314954373           0.00004201418546 
