          0.08967011998258           9.73009055544473 
          0.17934023996517          18.42904309195833 
          0.26901035994775           3.36447364194826 
          0.35868047993033           1.22453759271237 
          0.44835059991291           0.44067367089481 
          0.53802071989550           0.38955037616623 
          0.62769083987808           0.19742323725184 
          0.71736095986066           0.11902264177764 
          0.80703107984325           0.08145174089779 
          0.89670119982583           0.05880947144789 
          0.98637131980841           0.03485984100942 
          1.07604143979100           0.02575050765459 
          1.16571155977358           0.02035933528147 
          1.25538167975616           0.01389359831505 
          1.34505179973874           0.01297774809505 
          1.43472191972133           0.01117743283229 
          1.52439203970391           0.00864223745904 
          1.61406215968649           0.00603099839042 
          1.70373227966908           0.00718687049695 
          1.79340239965166           0.00497182075692 
          1.88307251963424           0.00488242969081 
          1.97274263961682           0.00386782956849 
          2.06241275959941           0.00320411937340 
          2.15208287958199           0.00318909837646 
          2.24175299956457           0.00234082124971 
          2.33142311954716           0.00216935980822 
          2.42109323952974           0.00156544656868 
          2.51076335951232           0.00167764604156 
          2.60043347949491           0.00213390304959 
          2.69010359947749           0.00194522219885 
          2.77977371946007           0.00155723295095 
          2.86944383944265           0.00139816940229 
          2.95911395942524           0.00098738315450 
          3.04878407940782           0.00101083122139 
          3.13845419939040           0.00070515485054 
          3.22812431937299           0.00079647902841 
          3.31779443935557           0.00100348019131 
          3.40746455933815           0.00079480838312 
          3.49713467932073           0.00061907874018 
          3.58680479930332           0.00065675460382 
          3.67647491928590           0.00059571189614 
          3.76614503926848           0.00048028836221 
          3.85581515925107           0.00054170910104 
          3.94548527923365           0.00037645162478 
          4.03515539921623           0.00038019077434 
          4.12482551919882           0.00035915297619 
          4.21449563918140           0.00030232461932 
          4.30416575916398           0.00031903070897 
          4.39383587914656           0.00023971777425 
          4.48350599912915           0.00024102439340 
          4.57317611911173           0.00016703921169 
          4.66284623909431           0.00017387080977 
          4.75251635907690           0.00014893209478 
          4.84218647905948           0.00016827355284 
          4.93185659904206           0.00013492686487 
          5.02152671902464           0.00009164822487 
          5.11119683900723           0.00009547138603 
          5.20086695898981           0.00008343839529 
          5.29053707897239           0.00007604103856 
          5.38020719895498           0.00007401912969 
          5.46987731893756           0.00005434030526 
          5.55954743892014           0.00005321745892 
          5.64921755890273           0.00004584540178 
          5.73888767888531           0.00005191329025 
          5.82855779886789           0.00004676329927 
          5.91822791885047           0.00004101248554 
          6.00789803883306           0.00003842223584 
          6.09756815881564           0.00003748076120 
