          0.09962240854891        5911.58338170882510 
          0.19924481709781         112.75645628028580 
          0.29886722564672           3.96170572905313 
          0.39848963419563           1.20178369519228 
          0.49811204274454           0.83676223561816 
          0.59773445129344           0.46401334872365 
          0.69735685984235           0.25314727965883 
          0.79697926839126           0.10696987674452 
          0.89660167694017           0.05892406023976 
          0.99622408548907           0.04994580311190 
          1.09584649403798           0.03229844285396 
          1.19546890258689           0.02104804068878 
          1.29509131113580           0.02544876308513 
          1.39471371968470           0.01348765178278 
          1.49433612823361           0.01227639711884 
          1.59395853678252           0.01249584034681 
          1.69358094533143           0.00794336911051 
          1.79320335388033           0.00649263255682 
          1.89282576242924           0.00619722081893 
          1.99244817097815           0.00427226344214 
          2.09207057952705           0.00307184487924 
          2.19169298807596           0.00426855293999 
          2.29131539662487           0.00323431615616 
          2.39093780517378           0.00368360690476 
          2.49056021372268           0.00268771624049 
          2.59018262227159           0.00195755302099 
          2.68980503082050           0.00180633755167 
          2.78942743936941           0.00154653821687 
          2.88904984791831           0.00196205360884 
          2.98867225646722           0.00167280308423 
          3.08829466501613           0.00129233037902 
          3.18791707356504           0.00146890075552 
          3.28753948211394           0.00137503369030 
          3.38716189066285           0.00112509405655 
          3.48678429921176           0.00087642372813 
          3.58640670776066           0.00112822528767 
          3.68602911630957           0.00092975562054 
          3.78565152485848           0.00092124505712 
          3.88527393340739           0.00105021749439 
          3.98489634195629           0.00066244530467 
          4.08451875050520           0.00062507784073 
          4.18414115905411           0.00056326026998 
          4.28376356760302           0.00059190353277 
          4.38338597615192           0.00053575408268 
          4.48300838470083           0.00045424116133 
          4.58263079324974           0.00039845932073 
          4.68225320179865           0.00029619074322 
          4.78187561034755           0.00026553925706 
          4.88149801889646           0.00025807582148 
          4.98112042744537           0.00022868562244 
          5.08074283599427           0.00022500638651 
          5.18036524454318           0.00020608081821 
          5.27998765309209           0.00019188328584 
          5.37961006164100           0.00015373034422 
          5.47923247018990           0.00012980032971 
          5.57885487873881           0.00012392688810 
          5.67847728728772           0.00010674148105 
          5.77809969583663           0.00010443176645 
          5.87772210438553           0.00009240984888 
          5.97734451293444           0.00008206044456 
          6.07696692148335           0.00007927822134 
