          0.09438463733182         271.70225859436505 
          0.18876927466365          18.79755684660268 
          0.28315391199547           8.45631310616361 
          0.37753854932730           1.54237076381469 
          0.47192318665912           0.57980830785205 
          0.56630782399095           0.38487213440851 
          0.66069246132277           0.10229580739129 
          0.75507709865460           0.06922970393489 
          0.84946173598642           0.04381040778369 
          0.94384637331825           0.03600356791361 
          1.03823101065007           0.05082007032459 
          1.13261564798190           0.01952210101013 
          1.22700028531372           0.01493346757538 
          1.32138492264555           0.00817932852814 
          1.41576955997737           0.01157765759276 
          1.51015419730920           0.01028325560350 
          1.60453883464102           0.00565153885239 
          1.69892347197285           0.00482687952984 
          1.79330810930467           0.00579435865332 
          1.88769274663650           0.00388096899203 
          1.98207738396832           0.00357713133392 
          2.07646202130015           0.00338038803904 
          2.17084665863197           0.00266753406594 
          2.26523129596380           0.00229756845206 
          2.35961593329562           0.00264040952055 
          2.45400057062745           0.00223805842576 
          2.54838520795927           0.00163817031396 
          2.64276984529110           0.00199792696319 
          2.73715448262292           0.00172907605761 
          2.83153911995475           0.00127785061592 
          2.92592375728657           0.00140484433472 
          3.02030839461840           0.00123671443228 
          3.11469303195022           0.00126187502430 
          3.20907766928205           0.00126875963560 
          3.30346230661387           0.00089773685705 
          3.39784694394570           0.00088856001197 
          3.49223158127752           0.00080748853403 
          3.58661621860935           0.00098353002739 
          3.68100085594117           0.00070790685662 
          3.77538549327300           0.00069324351748 
          3.86977013060482           0.00057199100212 
          3.96415476793665           0.00057510510322 
          4.05853940526847           0.00043341341639 
          4.15292404260030           0.00049871016980 
          4.24730867993212           0.00037794430171 
          4.34169331726395           0.00034273920272 
          4.43607795459577           0.00034612933789 
          4.53046259192760           0.00025756070539 
          4.62484722925942           0.00021537847502 
          4.71923186659125           0.00021001634915 
          4.81361650392307           0.00021882761019 
          4.90800114125490           0.00019294110051 
          5.00238577858672           0.00017937524799 
          5.09677041591855           0.00018983928171 
          5.19115505325037           0.00013303804190 
          5.28553969058220           0.00010063738329 
          5.37992432791402           0.00011805935205 
          5.47430896524585           0.00009329267973 
          5.56869360257767           0.00009425643454 
          5.66307823990950           0.00006732458821 
          5.75746287724132           0.00006250955249 
          5.85184751457315           0.00005470288007 
          5.94623215190497           0.00004956527570 
          6.04061678923680           0.00004793869022 
          6.13500142656862           0.00004630089039 
          6.22938606390045           0.00003718978187 
          6.32377070123227           0.00003801152544 
          6.41815533856410           0.00003987427085 
          6.51253997589592           0.00003747840278 
          6.60692461322775           0.00003420733734 
          6.70130925055957           0.00003004115889 
          6.79569388789140           0.00002710740376 
          6.89007852522322           0.00002747399973 
          6.98446316255505           0.00002537459236 
          7.07884779988687           0.00002600269785 
          7.17323243721870           0.00002532236159 
          7.26761707455052           0.00002410676203 
          7.36200171188235           0.00002168204329 
          7.45638634921417           0.00002164453073 
          7.55077098654600           0.00001988785452 
          7.64515562387782           0.00002077082950 
          7.73954026120964           0.00001917901231 
          7.83392489854147           0.00002094056453 
          7.92830953587330           0.00001902014734 
          8.02269417320512           0.00001886911217 
          8.11707881053695           0.00001756085936 
          8.21146344786877           0.00001775232603 
          8.30584808520059           0.00001696159343 
          8.40023272253242           0.00001641214315 
          8.49461735986424           0.00001667934305 
          8.58900199719607           0.00001589352607 
          8.68338663452790           0.00001740813807 
          8.77777127185972           0.00001628107342 
          8.87215590919155           0.00001510984507 
          8.96654054652337           0.00001572655955 
          9.06092518385520           0.00001514533994 
          9.15530982118702           0.00001345484064 
          9.24969445851884           0.00001386486705 
          9.34407909585067           0.00001344687661 
          9.43846373318249           0.00001393035247 
          9.53284837051432           0.00001342803650 
          9.62723300784615           0.00001262476434 
          9.72161764517797           0.00001213795030 
          9.81600228250980           0.00001288267542 
          9.91038691984162           0.00001190232508 
         10.00477155717345           0.00001113061654 
         10.09915619450527           0.00001130944891 
         10.19354083183709           0.00001163998163 
         10.28792546916892           0.00001102598980 
         10.38231010650075           0.00001147613707 
         10.47669474383257           0.00001007470115 
         10.57107938116439           0.00001075278808 
         10.66546401849622           0.00001030945621 
         10.75984865582804           0.00000996894349 
         10.85423329315987           0.00001057637385 
         10.94861793049170           0.00000960097936 
         11.04300256782352           0.00000940298303 
         11.13738720515534           0.00000936904095 
         11.23177184248717           0.00000900637057 
         11.32615647981899           0.00000862292003 
         11.42054111715082           0.00000881118019 
         11.51492575448264           0.00000898193248 
         11.60931039181447           0.00000814510431 
         11.70369502914629           0.00000840072792 
         11.79807966647812           0.00000778906149 
         11.89246430380995           0.00000820779739 
         11.98684894114177           0.00000777030726 
         12.08123357847359           0.00000757039328 
         12.17561821580542           0.00000746087678 
         12.27000285313724           0.00000701328867 
         12.36438749046907           0.00000748643269 
         12.45877212780089           0.00000674231812 
         12.55315676513272           0.00000698284207 
         12.64754140246454           0.00000686687621 
         12.74192603979637           0.00000615793637 
         12.83631067712820           0.00000636603004 
         12.93069531446002           0.00000636795149 
         13.02507995179184           0.00000632773943 
         13.11946458912367           0.00000638391790 
         13.21384922645549           0.00000602026314 
         13.30823386378732           0.00000615670310 
         13.40261850111914           0.00000587499370 
         13.49700313845097           0.00000583243949 
         13.59138777578279           0.00000588550879 
         13.68577241311462           0.00000533704834 
         13.78015705044644           0.00000538133283 
         13.87454168777827           0.00000559718795 
         13.96892632511009           0.00000517251716 
         14.06331096244192           0.00000529956444 
         14.15769559977374           0.00000509214914 
         14.25208023710557           0.00000534408492 
         14.34646487443739           0.00000483390064 
         14.44084951176922           0.00000505681841 
         14.53523414910104           0.00000463993912 
         14.62961878643287           0.00000475465691 
         14.72400342376469           0.00000479898435 
         14.81838806109652           0.00000441669005 
         14.91277269842834           0.00000475477607 
         15.00715733576017           0.00000452870975 
         15.10154197309199           0.00000440680058 
         15.19592661042382           0.00000411848297 
         15.29031124775564           0.00000436187932 
         15.38469588508747           0.00000440584155 
         15.47908052241929           0.00000403563448 
         15.57346515975111           0.00000413030933 
         15.66784979708294           0.00000388608499 
         15.76223443441477           0.00000412508943 
         15.85661907174659           0.00000398047739 
         15.95100370907842           0.00000379933105 
         16.04538834641024           0.00000376475293 
         16.13977298374207           0.00000381628751 
         16.23415762107389           0.00000377087318 
         16.32854225840572           0.00000357928699 
         16.42292689573754           0.00000366620422 
         16.51731153306936           0.00000368921225 
         16.61169617040119           0.00000345586608 
         16.70608080773302           0.00000350115315 
         16.80046544506484           0.00000336064901 
         16.89485008239667           0.00000337702646 
         16.98923471972849           0.00000344989681 
         17.08361935706031           0.00000329234343 
         17.17800399439214           0.00000320599516 
         17.27238863172397           0.00000322884383 
         17.36677326905579           0.00000330259373 
         17.46115790638762           0.00000304716586 
         17.55554254371944           0.00000302300950 
         17.64992718105127           0.00000311133610 
         17.74431181838309           0.00000302558016 
         17.83869645571492           0.00000307416189 
         17.93308109304674           0.00000299148665 
         18.02746573037857           0.00000284275862 
         18.12185036771039           0.00000301350613 
         18.21623500504222           0.00000279549608 
         18.31061964237404           0.00000279267270 
         18.40500427970586           0.00000277440299 
         18.49938891703769           0.00000272788367 
         18.59377355436951           0.00000277879222 
         18.68815819170134           0.00000265402413 
         18.78254282903317           0.00000273699837 
         18.87692746636499           0.00000253792745 
         18.97131210369681           0.00000270168361 
         19.06569674102864           0.00000265083054 
         19.16008137836046           0.00000241784146 
         19.25446601569229           0.00000258041622 
         19.34885065302412           0.00000242588440 
         19.44323529035594           0.00000253664776 
         19.53761992768776           0.00000243346775 
         19.63200456501959           0.00000236576144 
         19.72638920235142           0.00000240325740 
         19.82077383968324           0.00000239163573 
         19.91515847701507           0.00000229607818 
         20.00954311434689           0.00000229358427 
         20.10392775167871           0.00000232498216 
         20.19831238901054           0.00000229605194 
         20.29269702634236           0.00000234371504 
         20.38708166367419           0.00000220506355 
         20.48146630100601           0.00000222237399 
         20.57585093833784           0.00000222876366 
         20.67023557566967           0.00000219619776 
         20.76462021300149           0.00000215246553 
         20.85900485033331           0.00000213174208 
         20.95338948766514           0.00000208577430 
         21.04777412499696           0.00000214196971 
         21.14215876232879           0.00000207534336 
         21.23654339966062           0.00000210633374 
         21.33092803699244           0.00000205664430 
         21.42531267432426           0.00000207809108 
         21.51969731165609           0.00000200422511 
         21.61408194898791           0.00000193422541 
         21.70846658631974           0.00000206363686 
         21.80285122365157           0.00000200506231 
         21.89723586098339           0.00000197916077 
         21.99162049831521           0.00000193830883 
         22.08600513564704           0.00000187823330 
         22.18038977297886           0.00000195307333 
         22.27477441031069           0.00000191468150 
         22.36915904764251           0.00000184731520 
         22.46354368497434           0.00000192360768 
         22.55792832230616           0.00000182889433 
         22.65231295963799           0.00000191889475 
         22.74669759696981           0.00000175780898 
         22.84108223430164           0.00000179357710 
         22.93546687163346           0.00000183326281 
         23.02985150896529           0.00000177313312 
         23.12423614629711           0.00000183310690 
         23.21862078362894           0.00000169361401 
         23.31300542096076           0.00000174130991 
         23.40739005829259           0.00000178158477 
         23.50177469562441           0.00000172947165 
         23.59615933295624           0.00000175897570 
         23.69054397028807           0.00000168816570 
         23.78492860761989           0.00000169496834 
         23.87931324495171           0.00000169890689 
         23.97369788228354           0.00000165855844 
         24.06808251961536           0.00000163911879 
         24.16246715694719           0.00000166211816 
         24.25685179427901           0.00000166476999 
         24.35123643161084           0.00000159124303 
         24.44562106894266           0.00000163249256 
         24.54000570627449           0.00000158772682 
         24.63439034360631           0.00000160085589 
         24.72877498093814           0.00000159204140 
         24.82315961826996           0.00000156952645 
         24.91754425560179           0.00000157955935 
         25.01192889293361           0.00000152577207 
         25.10631353026544           0.00000155112751 
         25.20069816759726           0.00000155580762 
         25.29508280492909           0.00000151651941 
         25.38946744226091           0.00000154072422 
         25.48385207959274           0.00000151747916 
         25.57823671692456           0.00000147630807 
         25.67262135425639           0.00000148400035 
         25.76700599158821           0.00000149612768 
         25.86139062892004           0.00000151575966 
         25.95577526625186           0.00000143104583 
         26.05015990358369           0.00000147130414 
         26.14454454091551           0.00000145278750 
         26.23892917824734           0.00000147064229 
         26.33331381557916           0.00000144664700 
         26.42769845291099           0.00000141037895 
         26.52208309024281           0.00000145419947 
         26.61646772757463           0.00000142162861 
         26.71085236490646           0.00000141647966 
         26.80523700223829           0.00000137696721 
         26.89962163957011           0.00000139181532 
         26.99400627690194           0.00000142098131 
         27.08839091423376           0.00000137314915 
         27.18277555156558           0.00000139303220 
         27.27716018889741           0.00000136751343 
         27.37154482622924           0.00000134188202 
         27.46592946356106           0.00000142394025 
         27.56031410089289           0.00000131814988 
         27.65469873822471           0.00000136177478 
         27.74908337555654           0.00000134369431 
         27.84346801288836           0.00000134780833 
         27.93785265022019           0.00000131139580 
         28.03223728755201           0.00000131138537 
         28.12662192488384           0.00000134821007 
         28.22100656221566           0.00000132222538 
         28.31539119954748           0.00000131895154 
         28.40977583687931           0.00000132308556 
         28.50416047421113           0.00000127573714 
         28.59854511154296           0.00000133429767 
         28.69292974887478           0.00000131065888 
         28.78731438620661           0.00000126998100 
         28.88169902353844           0.00000130286748 
         28.97608366087026           0.00000127848578 
         29.07046829820208           0.00000130518580 
         29.16485293553391           0.00000122906752 
         29.25923757286573           0.00000128920348 
         29.35362221019756           0.00000126291005 
         29.44800684752939           0.00000128647479 
         29.54239148486121           0.00000126441226 
         29.63677612219303           0.00000123433119 
         29.73116075952486           0.00000125818455 
         29.82554539685669           0.00000126540198 
         29.91993003418851           0.00000124192482 
         30.01431467152034           0.00000122848664 
         30.10869930885216           0.00000124669865 
         30.20308394618398           0.00000124830238 
         30.29746858351581           0.00000123260577 
         30.39185322084763           0.00000121888291 
         30.48623785817946           0.00000121990054 
         30.58062249551128           0.00000124758969 
         30.67500713284311           0.00000120661954 
         30.76939177017493           0.00000120985355 
         30.86377640750676           0.00000119874310 
         30.95816104483858           0.00000120061984 
         31.05254568217041           0.00000122044112 
         31.14693031950223           0.00000119218310 
         31.24131495683406           0.00000121630296 
         31.33569959416588           0.00000121422275 
         31.43008423149771           0.00000115535816 
