          0.09852885850995       10578.93700711556300 
          0.19705771701990          68.40633958584624 
          0.29558657552985           5.72487283741098 
          0.39411543403980           2.49874436721568 
          0.49264429254976           0.43601776129091 
          0.59117315105971           0.35301875757626 
          0.68970200956966           0.18717666055730 
          0.78823086807961           0.08861117193400 
          0.88675972658956           0.10282327240728 
          0.98528858509951           0.03768265781157 
          1.08381744360946           0.03281402297977 
          1.18234630211941           0.02643656802359 
          1.28087516062937           0.02068449365026 
          1.37940401913932           0.01909742490473 
          1.47793287764927           0.01191473698082 
          1.57646173615922           0.00965080767126 
          1.67499059466917           0.00615568896650 
          1.77351945317912           0.00846672455227 
          1.87204831168907           0.00542703634915 
          1.97057717019902           0.00527276850350 
          2.06910602870897           0.00524048507404 
          2.16763488721893           0.00366150719695 
          2.26616374572888           0.00290237867622 
          2.36469260423883           0.00275522953333 
          2.46322146274878           0.00249774877111 
          2.56175032125873           0.00208511757997 
          2.66027917976868           0.00219213439659 
          2.75880803827863           0.00235099425571 
          2.85733689678858           0.00188426101226 
          2.95586575529853           0.00109815984094 
          3.05439461380849           0.00165328943688 
          3.15292347231844           0.00155177459971 
          3.25145233082839           0.00148796255207 
          3.34998118933834           0.00089495507610 
          3.44851004784829           0.00117168174356 
          3.54703890635824           0.00097713902582 
          3.64556776486819           0.00074710614058 
          3.74409662337814           0.00107171754296 
          3.84262548188810           0.00063132553492 
          3.94115434039805           0.00094978562240 
          4.03968319890800           0.00062338428521 
          4.13821205741795           0.00051877651933 
          4.23674091592790           0.00050850719043 
          4.33526977443785           0.00049884874984 
          4.43379863294780           0.00043730360800 
          4.53232749145775           0.00037435172281 
          4.63085634996771           0.00040194713608 
          4.72938520847766           0.00035967928196 
          4.82791406698761           0.00026282093732 
          4.92644292549756           0.00025826788934 
          5.02497178400751           0.00024291941585 
          5.12350064251746           0.00019241696049 
          5.22202950102741           0.00018646666596 
          5.32055835953736           0.00016236497143 
          5.41908721804731           0.00013243063351 
          5.51761607655727           0.00012853325502 
          5.61614493506722           0.00012050745513 
          5.71467379357717           0.00009641722767 
          5.81320265208712           0.00009124035687 
          5.91173151059707           0.00008941139230 
          6.01026036910702           0.00008051542747 
          6.10878922761697           0.00007701119857 
