          0.08878317517563         180.25433451018469 
          0.17756635035127          22.13990920054587 
          0.26634952552690           5.91066758536343 
          0.35513270070253           0.70065072678869 
          0.44391587587817           0.69199960100700 
          0.53269905105380           0.24489470295447 
          0.62148222622943           0.08518118380756 
          0.71026540140507           0.14298468989199 
          0.79904857658070           0.09883308416174 
          0.88783175175634           0.05934202430892 
          0.97661492693197           0.06205285324089 
          1.06539810210760           0.02823471044937 
          1.15418127728324           0.02850295216046 
          1.24296445245887           0.02902419474138 
          1.33174762763450           0.01347027602441 
          1.42053080281014           0.00897921009266 
          1.50931397798577           0.01050264059624 
          1.59809715316140           0.00884723075881 
          1.68688032833704           0.00626197746757 
          1.77566350351267           0.00543587034687 
          1.86444667868830           0.00587883482775 
          1.95322985386394           0.00423282812574 
          2.04201302903957           0.00504449650078 
          2.13079620421521           0.00258175006766 
          2.21957937939084           0.00284639884266 
          2.30836255456647           0.00247467150554 
          2.39714572974211           0.00212835548051 
          2.48592890491774           0.00166567817770 
          2.57471208009337           0.00180074954068 
          2.66349525526901           0.00153368053147 
          2.75227843044464           0.00178987860228 
          2.84106160562027           0.00142831161814 
          2.92984478079591           0.00148092255714 
          3.01862795597154           0.00114841903219 
          3.10741113114717           0.00103429903975 
          3.19619430632281           0.00112371243946 
          3.28497748149844           0.00088279592046 
          3.37376065667408           0.00075223961327 
          3.46254383184971           0.00072145266948 
          3.55132700702534           0.00062817775458 
          3.64011018220098           0.00071799484157 
          3.72889335737661           0.00054437751567 
          3.81767653255224           0.00050048792885 
          3.90645970772788           0.00052602175031 
          3.99524288290351           0.00039150737973 
          4.08402605807914           0.00032841622534 
          4.17280923325478           0.00032633999084 
          4.26159240843041           0.00027168298072 
          4.35037558360604           0.00029383715896 
          4.43915875878168           0.00021945345773 
          4.52794193395731           0.00025387910115 
          4.61672510913295           0.00017817477567 
          4.70550828430858           0.00020209655866 
          4.79429145948421           0.00019045362216 
          4.88307463465985           0.00013736306262 
          4.97185780983548           0.00014836208267 
          5.06064098501111           0.00011640101993 
          5.14942416018675           0.00009098723204 
          5.23820733536238           0.00011461713375 
          5.32699051053801           0.00009490021838 
          5.41577368571365           0.00008484762143 
          5.50455686088928           0.00007539276576 
          5.59334003606491           0.00008340002921 
          5.68212321124055           0.00007674984058 
          5.77090638641618           0.00005132757522 
          5.85968956159181           0.00006584539830 
          5.94847273676745           0.00005989106898 
          6.03725591194308           0.00005221792352 
          6.12603908711872           0.00006099276093 
