          0.09149825698529           9.57208516088847 
          0.18299651397057          15.29028039274691 
          0.27449477095586           5.16318018141200 
          0.36599302794114           0.96619235483592 
          0.45749128492643           0.32343421973315 
          0.54898954191172           0.17431881706591 
          0.64048779889700           0.24415348226579 
          0.73198605588229           0.08660945839004 
          0.82348431286757           0.06945799141571 
          0.91498256985286           0.04552177708896 
          1.00648082683815           0.05009406655476 
          1.09797908382343           0.02538751633362 
          1.18947734080872           0.01151997610039 
          1.28097559779400           0.02111032396110 
          1.37247385477929           0.01886033080884 
          1.46397211176458           0.00683698662275 
          1.55547036874986           0.00890835230026 
          1.64696862573515           0.00824824164451 
          1.73846688272043           0.00690369123966 
          1.82996513970572           0.00489430643613 
          1.92146339669101           0.00415258820285 
          2.01296165367629           0.00469268828346 
          2.10445991066158           0.00297274106239 
          2.19595816764686           0.00300762901909 
          2.28745642463215           0.00306630205273 
          2.37895468161743           0.00203862225683 
          2.47045293860272           0.00202020566709 
          2.56195119558801           0.00168364799393 
          2.65344945257329           0.00160210965879 
          2.74494770955858           0.00144254930669 
          2.83644596654386           0.00139136240528 
          2.92794422352915           0.00132443328855 
          3.01944248051444           0.00111844459574 
          3.11094073749972           0.00150255239239 
          3.20243899448501           0.00093667328386 
          3.29393725147029           0.00072373154002 
          3.38543550845558           0.00081563966947 
          3.47693376544087           0.00068236003054 
          3.56843202242615           0.00065399543372 
          3.65993027941144           0.00054281066702 
          3.75142853639672           0.00060636932393 
          3.84292679338201           0.00050851981985 
          3.93442505036730           0.00041841236585 
          4.02592330735258           0.00043523156889 
          4.11742156433787           0.00032811304240 
          4.20891982132315           0.00033966562506 
          4.30041807830844           0.00030588812525 
          4.39191633529373           0.00025687974083 
          4.48341459227901           0.00022883186887 
          4.57491284926430           0.00020378695874 
          4.66641110624958           0.00019552385806 
          4.75790936323487           0.00014770710802 
          4.84940762022016           0.00012493665595 
          4.94090587720544           0.00013851581952 
          5.03240413419073           0.00010961375157 
          5.12390239117601           0.00010169726280 
          5.21540064816130           0.00007540438092 
          5.30689890514659           0.00007896927698 
          5.39839716213187           0.00007672890675 
          5.48989541911716           0.00005404545053 
          5.58139367610244           0.00005827283386 
          5.67289193308773           0.00005832311023 
          5.76439019007301           0.00004628821773 
          5.85588844705830           0.00004656038526 
          5.94738670404359           0.00003763858672 
          6.03888496102887           0.00003609697726 
          6.13038321801416           0.00003171303497 
