          0.09340248709944          57.00584532804579 
          0.18680497419889          32.19359410651808 
          0.28020746129833           6.54891020310133 
          0.37360994839778           1.28033865312643 
          0.46701243549722           0.57741074518502 
          0.56041492259666           0.41186414835914 
          0.65381740969611           0.21826842342582 
          0.74721989679555           0.11444260385645 
          0.84062238389499           0.06837454674265 
          0.93402487099444           0.03278734865830 
          1.02742735809388           0.02645564705974 
          1.12082984519333           0.02482997374315 
          1.21423233229277           0.01559558553180 
          1.30763481939221           0.01312801336720 
          1.40103730649166           0.00949775424612 
          1.49443979359110           0.01197610827543 
          1.58784228069055           0.00901078963148 
          1.68124476778999           0.00616033568329 
          1.77464725488943           0.00668334682325 
          1.86804974198888           0.00588155627305 
          1.96145222908832           0.00440898604375 
          2.05485471618776           0.00486347615321 
          2.14825720328721           0.00427774071120 
          2.24165969038665           0.00331093097798 
          2.33506217748610           0.00288027667524 
          2.42846466458554           0.00196735902261 
          2.52186715168498           0.00187301872907 
          2.61526963878443           0.00237651465268 
          2.70867212588387           0.00171881246298 
          2.80207461298331           0.00142297722065 
          2.89547710008276           0.00105373410965 
          2.98887958718220           0.00106461715466 
          3.08228207428165           0.00090409624528 
          3.17568456138109           0.00114404573238 
          3.26908704848053           0.00095297743430 
          3.36248953557998           0.00102260510965 
          3.45589202267942           0.00080814773584 
          3.54929450977887           0.00071445622792 
          3.64269699687831           0.00076672338389 
          3.73609948397775           0.00056158489090 
          3.82950197107720           0.00042297247204 
          3.92290445817664           0.00066007616067 
          4.01630694527609           0.00053273155593 
          4.10970943237553           0.00037667803595 
          4.20311191947497           0.00028997448701 
          4.29651440657442           0.00037642299320 
          4.38991689367386           0.00026389506732 
          4.48331938077330           0.00025435687688 
          4.57672186787275           0.00022458031828 
          4.67012435497219           0.00024088763685 
          4.76352684207164           0.00017069696516 
          4.85692932917108           0.00014923788746 
          4.95033181627052           0.00015593182072 
          5.04373430336997           0.00015266992549 
          5.13713679046941           0.00013518770261 
          5.23053927756885           0.00010171865608 
          5.32394176466830           0.00008325006522 
          5.41734425176774           0.00007424231735 
          5.51074673886719           0.00006842084347 
          5.60414922596663           0.00007279888237 
          5.69755171306607           0.00006143247387 
          5.79095420016552           0.00006181444019 
          5.88435668726496           0.00004999519395 
          5.97775917436441           0.00005055845302 
          6.07116166146385           0.00004776483827 
