          0.08540417707190         258.01232754709224 
          0.17080835414380         176.74136889498902 
          0.25621253121570          13.50507734777516 
          0.34161670828759           2.67952660296468 
          0.42702088535949           1.40725311050865 
          0.51242506243139           0.35790894611722 
          0.59782923950329           0.51401917245211 
          0.68323341657519           0.15993978891188 
          0.76863759364709           0.12221903269388 
          0.85404177071899           0.08157829632334 
          0.93944594779089           0.07810009288637 
          1.02485012486278           0.04810192437815 
          1.11025430193468           0.03421762316238 
          1.19565847900658           0.04503843883374 
          1.28106265607848           0.02656659252973 
          1.36646683315038           0.02548330503458 
          1.45187101022228           0.01553889587681 
          1.53727518729418           0.01261168925403 
          1.62267936436608           0.01960334674963 
          1.70808354143797           0.01657498614165 
          1.79348771850987           0.01190078545979 
          1.87889189558177           0.01048286132404 
          1.96429607265367           0.01136794366192 
          2.04970024972557           0.01072152916271 
          2.13510442679747           0.00705922132564 
          2.22050860386937           0.00783273465792 
          2.30591278094126           0.00951097276442 
          2.39131695801316           0.00730946100492 
          2.47672113508506           0.00498457315223 
          2.56212531215696           0.00774537387588 
          2.64752948922886           0.00626534819646 
          2.73293366630076           0.00504173555463 
          2.81833784337266           0.00530280971150 
          2.90374202044456           0.00419990490542 
          2.98914619751645           0.00475775206913 
          3.07455037458835           0.00422799683419 
          3.15995455166025           0.00389248968330 
          3.24535872873215           0.00338413959574 
          3.33076290580405           0.00362370562934 
          3.41616708287595           0.00347747916455 
          3.50157125994785           0.00325949924822 
          3.58697543701975           0.00281327002212 
          3.67237961409164           0.00318804386977 
          3.75778379116354           0.00276490046244 
          3.84318796823544           0.00284439139947 
          3.92859214530734           0.00294498512950 
          4.01399632237924           0.00276975259425 
          4.09940049945114           0.00218703940488 
          4.18480467652304           0.00247134425754 
          4.27020885359493           0.00207196256594 
          4.35561303066683           0.00219550596597 
          4.44101720773873           0.00198799044835 
          4.52642138481063           0.00201892447238 
          4.61182556188253           0.00200321227310 
          4.69722973895443           0.00171725799170 
          4.78263391602633           0.00178907571261 
          4.86803809309823           0.00184297104147 
          4.95344227017012           0.00159992423580 
          5.03884644724202           0.00166227056116 
          5.12425062431392           0.00145477913651 
          5.20965480138582           0.00159359713619 
          5.29505897845772           0.00141182321812 
          5.38046315552962           0.00145490338294 
          5.46586733260152           0.00144940686019 
          5.55127150967341           0.00129185232848 
          5.63667568674531           0.00150913614458 
          5.72207986381721           0.00125536468911 
          5.80748404088911           0.00118136277448 
          5.89288821796101           0.00130339717455 
          5.97829239503291           0.00118649270040 
          6.06369657210481           0.00125184473906 
          6.14910074917671           0.00111826204297 
