          0.09745905548596        4887.51894557287870 
          0.19491811097191          78.56401555700276 
          0.29237716645787           6.47651818073676 
          0.38983622194382           1.44551082529749 
          0.48729527742978           0.65231106685246 
          0.58475433291574           0.45932759086116 
          0.68221338840169           0.16912812048514 
          0.77967244388765           0.12107025299227 
          0.87713149937360           0.05577058427733 
          0.97459055485956           0.05327698345848 
          1.07204961034552           0.03027819511993 
          1.16950866583147           0.04389275221468 
          1.26696772131743           0.01723027805056 
          1.36442677680338           0.00874913299747 
          1.46188583228934           0.00996289270888 
          1.55934488777530           0.00864767013015 
          1.65680394326125           0.00898063693321 
          1.75426299874721           0.00600845202124 
          1.85172205423316           0.00714596600722 
          1.94918110971912           0.00315700962686 
          2.04664016520508           0.00381957508385 
          2.14409922069103           0.00430449499541 
          2.24155827617699           0.00263516253185 
          2.33901733166295           0.00273533641736 
          2.43647638714890           0.00191349012152 
          2.53393544263486           0.00304659107575 
          2.63139449812081           0.00180959464836 
          2.72885355360677           0.00202151445805 
          2.82631260909273           0.00143311321728 
          2.92377166457868           0.00169977390243 
          3.02123072006464           0.00121619015227 
          3.11868977555059           0.00137857256730 
          3.21614883103655           0.00121277017986 
          3.31360788652251           0.00107285382411 
          3.41106694200846           0.00096462563127 
          3.50852599749442           0.00109823473104 
          3.60598505298037           0.00072473077979 
          3.70344410846633           0.00070278719087 
          3.80090316395229           0.00071910302211 
          3.89836221943824           0.00079292041209 
          3.99582127492420           0.00071773429625 
          4.09328033041015           0.00057376677034 
          4.19073938589611           0.00066403069807 
          4.28819844138207           0.00047471331344 
          4.38565749686802           0.00050922616245 
          4.48311655235398           0.00038874144609 
          4.58057560783993           0.00037871946206 
          4.67803466332589           0.00032984238804 
          4.77549371881185           0.00025803656947 
          4.87295277429780           0.00024176981446 
          4.97041182978376           0.00026056386686 
          5.06787088526971           0.00017676049590 
          5.16532994075567           0.00017556275098 
          5.26278899624163           0.00019287503868 
          5.36024805172758           0.00014627536568 
          5.45770710721354           0.00012087613753 
          5.55516616269949           0.00009739844492 
          5.65262521818545           0.00009819365363 
          5.75008427367141           0.00007508232820 
          5.84754332915736           0.00006800051672 
          5.94500238464332           0.00006007436363 
          6.04246144012927           0.00004926432061 
