          0.08303403339738          16.80968722888666 
          0.16606806679476          61.43322722193244 
          0.24910210019213          16.62590825295829 
          0.33213613358951           2.91815599400221 
          0.41517016698689           1.92081625615827 
          0.49820420038427           0.75585165103316 
          0.58123823378165           0.57155475658753 
          0.66427226717902           0.20051159570222 
          0.74730630057640           0.18481977136481 
          0.83034033397378           0.13795507501679 
          0.91337436737116           0.06699281152061 
          0.99640840076853           0.09282811888915 
          1.07944243416591           0.05467375265604 
          1.16247646756329           0.03500614327006 
          1.24551050096067           0.02422552335873 
          1.32854453435805           0.02123982319426 
          1.41157856775542           0.02160496111808 
          1.49461260115280           0.01067121497474 
          1.57764663455018           0.01172845896870 
          1.66068066794756           0.00950571618697 
          1.74371470134494           0.00698729267495 
          1.82674873474231           0.01009113982700 
          1.90978276813969           0.00658896227255 
          1.99281680153707           0.00397231586088 
          2.07585083493445           0.00369447697903 
          2.15888486833183           0.00316349251816 
          2.24191890172920           0.00386127451305 
          2.32495293512658           0.00277980881597 
          2.40798696852396           0.00282441352427 
          2.49102100192134           0.00224793334384 
          2.57405503531872           0.00182470125084 
          2.65708906871609           0.00236037296986 
          2.74012310211347           0.00176682858219 
          2.82315713551085           0.00147810691718 
          2.90619116890823           0.00149796050454 
          2.98922520230560           0.00112843938029 
          3.07225923570298           0.00088612965327 
          3.15529326910036           0.00091741802768 
          3.23832730249774           0.00087840678174 
          3.32136133589512           0.00095708275364 
          3.40439536929249           0.00065421716258 
          3.48742940268987           0.00054786878992 
          3.57046343608725           0.00059763246589 
          3.65349746948463           0.00052842472784 
          3.73653150288201           0.00052996844529 
          3.81956553627938           0.00038673249050 
          3.90259956967676           0.00029282006650 
          3.98563360307414           0.00032825862688 
          4.06866763647152           0.00034084927264 
          4.15170166986890           0.00022996486085 
          4.23473570326627           0.00023341722677 
          4.31776973666365           0.00023261992512 
          4.40080377006103           0.00020691078197 
          4.48383780345841           0.00017458658795 
          4.56687183685579           0.00013209818167 
          4.64990587025316           0.00013800031573 
          4.73293990365054           0.00013344943880 
          4.81597393704792           0.00010669262295 
          4.89900797044530           0.00011041209880 
          4.98204200384267           0.00008863937501 
          5.06507603724005           0.00008068132729 
          5.14811007063743           0.00008292044443 
          5.23114410403481           0.00006872226090 
          5.31417813743219           0.00006443350655 
          5.39721217082956           0.00005553696654 
          5.48024620422694           0.00005340023934 
          5.56328023762432           0.00004625558096 
          5.64631427102170           0.00005307775172 
          5.72934830441908           0.00003936436868 
          5.81238233781645           0.00003981693282 
          5.89541637121383           0.00003885416344 
          5.97845040461121           0.00003607303654 
          6.06148443800859           0.00003569724280 
          6.14451847140597           0.00003969159115 
