          0.08540417707190        6154.55093929567190 
          0.17080835414380          38.22017408224026 
          0.25621253121570          25.50146802760857 
          0.34161670828759           4.38247684148135 
          0.42702088535949           1.47743987142300 
          0.51242506243139           0.71767975378072 
          0.59782923950329           0.35148907662063 
          0.68323341657519           0.20121615609889 
          0.76863759364709           0.16027427805509 
          0.85404177071899           0.17085053525051 
          0.93944594779089           0.06237091167609 
          1.02485012486278           0.07485583064616 
          1.11025430193468           0.05048913051896 
          1.19565847900658           0.03344586614231 
          1.28106265607848           0.03589209830923 
          1.36646683315038           0.02002905793260 
          1.45187101022228           0.01763307827584 
          1.53727518729418           0.01069824123830 
          1.62267936436608           0.01009491318661 
          1.70808354143797           0.00897681822996 
          1.79348771850987           0.00720111304160 
          1.87889189558177           0.00864115065194 
          1.96429607265367           0.00494981205416 
          2.04970024972557           0.00532088811060 
          2.13510442679747           0.00448269859208 
          2.22050860386937           0.00364340674842 
          2.30591278094126           0.00343888036926 
          2.39131695801316           0.00383078600078 
          2.47672113508506           0.00316013703780 
          2.56212531215696           0.00252002874104 
          2.64752948922886           0.00192682113325 
          2.73293366630076           0.00170581251373 
          2.81833784337266           0.00168641527242 
          2.90374202044456           0.00140760925377 
          2.98914619751645           0.00152242129313 
          3.07455037458835           0.00122795406132 
          3.15995455166025           0.00096224081670 
          3.24535872873215           0.00088032151494 
          3.33076290580405           0.00082660766601 
          3.41616708287595           0.00078454887874 
          3.50157125994785           0.00069225990983 
          3.58697543701975           0.00056652465933 
          3.67237961409164           0.00064467207981 
          3.75778379116354           0.00046303144298 
          3.84318796823544           0.00048899443127 
          3.92859214530734           0.00046994956495 
          4.01399632237924           0.00043316231803 
          4.09940049945114           0.00038494690820 
          4.18480467652304           0.00032898356688 
          4.27020885359493           0.00027876770081 
          4.35561303066683           0.00028508664619 
          4.44101720773873           0.00022680647836 
          4.52642138481063           0.00021681705166 
          4.61182556188253           0.00019358525475 
          4.69722973895443           0.00019692449603 
          4.78263391602633           0.00017483967394 
          4.86803809309823           0.00014291600307 
          4.95344227017012           0.00013210581386 
          5.03884644724202           0.00013977284098 
          5.12425062431392           0.00013231076640 
          5.20965480138582           0.00012487162326 
          5.29505897845772           0.00011442317891 
          5.38046315552962           0.00009161078514 
          5.46586733260152           0.00009026266278 
          5.55127150967341           0.00009097132356 
          5.63667568674531           0.00008743154883 
          5.72207986381721           0.00009366314070 
          5.80748404088911           0.00007403437812 
          5.89288821796101           0.00007413650755 
          5.97829239503291           0.00007109211059 
          6.06369657210481           0.00006740023542 
          6.14910074917671           0.00006800987138 
