          0.08622458223109       15960.30911865668200 
          0.17244916446218         157.31111121377060 
          0.25867374669327          12.17463031631029 
          0.34489832892436           3.99100017277681 
          0.43112291115545           2.69012061375656 
          0.51734749338654           0.84867775249523 
          0.60357207561764           0.82454267863820 
          0.68979665784873           0.29866893798850 
          0.77602124007982           0.17123867977098 
          0.86224582231091           0.16521191328687 
          0.94847040454200           0.10217355539193 
          1.03469498677309           0.07993714024334 
          1.12091956900418           0.05265210262009 
          1.20714415123527           0.02693287272982 
          1.29336873346636           0.03961133369487 
          1.37959331569745           0.02224471966218 
          1.46581789792854           0.02318656567924 
          1.55204248015963           0.01525277610558 
          1.63826706239073           0.01818776611759 
          1.72449164462182           0.01338530236232 
          1.81071622685291           0.00997226525534 
          1.89694080908400           0.00869786151381 
          1.98316539131509           0.00760290317651 
          2.06938997354618           0.00628042593610 
          2.15561455577727           0.00569523656697 
          2.24183913800836           0.00439170904014 
          2.32806372023945           0.00444996804315 
          2.41428830247054           0.00344178203480 
          2.50051288470163           0.00381364187076 
          2.58673746693272           0.00309272408991 
          2.67296204916381           0.00235547332545 
          2.75918663139491           0.00229013206643 
          2.84541121362600           0.00215145501131 
          2.93163579585709           0.00181899977081 
          3.01786037808818           0.00153861505980 
          3.10408496031927           0.00142493295757 
          3.19030954255036           0.00162645041483 
          3.27653412478145           0.00115243507544 
          3.36275870701254           0.00123246565430 
          3.44898328924363           0.00081306245486 
          3.53520787147472           0.00112354914920 
          3.62143245370581           0.00088735130770 
          3.70765703593690           0.00069275707278 
          3.79388161816800           0.00077487967060 
          3.88010620039909           0.00060973314955 
          3.96633078263018           0.00064595261979 
          4.05255536486127           0.00061988987995 
          4.13877994709236           0.00055585901092 
          4.22500452932345           0.00045196354891 
          4.31122911155454           0.00038421630775 
          4.39745369378563           0.00044929978764 
          4.48367827601672           0.00038599400161 
          4.56990285824781           0.00030776559594 
          4.65612744047890           0.00041639153031 
          4.74235202270999           0.00029664776008 
          4.82857660494108           0.00027076857272 
          4.91480118717218           0.00026513353703 
          5.00102576940327           0.00024335942576 
          5.08725035163436           0.00021955120291 
          5.17347493386545           0.00021951456307 
          5.25969951609654           0.00021888297127 
          5.34592409832763           0.00022060871561 
          5.43214868055872           0.00017392796535 
          5.51837326278981           0.00015457941524 
          5.60459784502090           0.00016509987316 
          5.69082242725199           0.00016243838321 
          5.77704700948308           0.00016269041465 
          5.86327159171418           0.00013904510023 
          5.94949617394527           0.00015477228664 
          6.03572075617636           0.00012140793778 
          6.12194533840745           0.00012217564301 
