          0.08380932782686        2518.52304633753780 
          0.16761865565372         107.56645315291161 
          0.25142798348058          12.22427347799107 
          0.33523731130743           6.60435945090625 
          0.41904663913429           1.30840173144695 
          0.50285596696115           1.40751685801942 
          0.58666529478801           0.48233998370977 
          0.67047462261487           0.30816422979285 
          0.75428395044173           0.17417639249882 
          0.83809327826859           0.15825159839805 
          0.92190260609544           0.06129539451663 
          1.00571193392230           0.09494294291636 
          1.08952126174916           0.06920293404105 
          1.17333058957602           0.03100373005146 
          1.25713991740288           0.02967701911773 
          1.34094924522974           0.02101000066307 
          1.42475857305660           0.01773269327907 
          1.50856790088345           0.01172958405429 
          1.59237722871031           0.01083178621385 
          1.67618655653717           0.00754331754252 
          1.75999588436403           0.00744439017846 
          1.84380521219089           0.00706856350880 
          1.92761454001775           0.00530126188069 
          2.01142386784461           0.00569795369580 
          2.09523319567146           0.00549476717471 
          2.17904252349832           0.00540159126649 
          2.26285185132518           0.00468244695623 
          2.34666117915204           0.00277072821394 
          2.43047050697890           0.00335899497777 
          2.51427983480576           0.00306433587568 
          2.59808916263262           0.00258770092432 
          2.68189849045947           0.00197722454385 
          2.76570781828633           0.00208186256778 
          2.84951714611319           0.00150284124478 
          2.93332647394005           0.00171384535894 
          3.01713580176691           0.00130081569890 
