          0.12566370614359       43697.51097230202100 
          0.25132741228718         594.08351291275596 
          0.37699111843078         352.83418569367757 
          0.50265482457437         185.63933250206250 
          0.62831853071796          84.57782510667896 
          0.75398223686155          79.93007354169487 
          0.87964594300514          36.49198703511971 
          1.00530964914873          22.87405049739416 
          1.13097335529233          23.92927663730426 
          1.25663706143592          16.30212864599733 
          1.38230076757951          15.01488284006757 
