          0.08706090213634       20496.50100226637000 
          0.17412180427268          85.92059665920081 
          0.26118270640902          12.89643083815495 
          0.34824360854536           9.23846613591065 
          0.43530451068170           1.36020543142481 
          0.52236541281803           0.79816421376078 
          0.60942631495437           0.53539324037310 
          0.69648721709071           0.40607169720794 
          0.78354811922705           0.24447834773222 
          0.87060902136339           0.11119677875403 
          0.95766992349973           0.09949712529443 
          1.04473082563607           0.07085906587006 
          1.13179172777241           0.06480910254878 
          1.21885262990875           0.05643998899939 
          1.30591353204509           0.02342579218072 
          1.39297443418142           0.02493825231308 
          1.48003533631776           0.02220097999317 
          1.56709623845410           0.01606857456695 
          1.65415714059044           0.01040666314498 
          1.74121804272678           0.01177393022036 
          1.82827894486312           0.01159768878803 
          1.91533984699946           0.00836392760497 
          2.00240074913580           0.00577991275274 
          2.08946165127214           0.00773259734385 
          2.17652255340848           0.00806547710188 
          2.26358345554481           0.00467227182299 
          2.35064435768115           0.00407546095017 
          2.43770525981749           0.00495787621858 
          2.52476616195383           0.00376225949528 
          2.61182706409017           0.00290909553298 
          2.69888796622651           0.00244653932949 
          2.78594886836285           0.00274361546285 
          2.87300977049919           0.00253995597602 
          2.96007067263553           0.00201166362406 
          3.04713157477187           0.00138947709157 
          3.13419247690821           0.00138759414517 
          3.22125337904454           0.00144456723293 
          3.30831428118088           0.00165007767316 
          3.39537518331722           0.00118973316932 
          3.48243608545356           0.00125514261733 
          3.56949698758990           0.00108208501398 
          3.65655788972624           0.00115271444537 
          3.74361879186258           0.00071282919644 
          3.83067969399892           0.00096330072970 
          3.91774059613526           0.00095533151900 
          4.00480149827160           0.00072281273544 
          4.09186240040793           0.00081380018453 
          4.17892330254427           0.00068573497880 
          4.26598420468061           0.00059708305079 
          4.35304510681695           0.00049659090211 
          4.44010600895329           0.00055351080759 
          4.52716691108963           0.00054055159486 
          4.61422781322597           0.00048355252879 
          4.70128871536231           0.00042975351366 
          4.78834961749865           0.00039793557847 
          4.87541051963499           0.00042402590879 
          4.96247142177132           0.00035270195334 
          5.04953232390766           0.00037458373880 
          5.13659322604400           0.00039182585491 
          5.22365412818034           0.00033526738885 
          5.31071503031668           0.00031726467076 
          5.39777593245302           0.00032894555291 
          5.48483683458936           0.00033214545416 
          5.57189773672570           0.00030147231864 
          5.65895863886204           0.00027972582804 
          5.74601954099838           0.00029867541671 
          5.83308044313471           0.00029637792261 
          5.92014134527105           0.00029401689554 
          6.00720224740739           0.00029467693181 
          6.09426314954373           0.00026256833561 
