          0.09962240854891       65753.55925743290600 
          0.19924481709781          99.21980219352133 
          0.29886722564672         183.40383081180897 
          0.39848963419563           5.46384240653579 
          0.49811204274454           4.84301022857707 
          0.59773445129344           2.72869039734340 
          0.69735685984235           1.29653326988268 
          0.79697926839126           0.54293514120549 
          0.89660167694017           0.63842982168248 
          0.99622408548907           0.33414603717825 
          1.09584649403798           0.34073475499881 
          1.19546890258689           0.16601254254364 
          1.29509131113580           0.19063240293923 
          1.39471371968470           0.06901989999004 
          1.49433612823361           0.06313466764299 
          1.59395853678252           0.04033291123086 
          1.69358094533143           0.04130485959661 
          1.79320335388033           0.02558748655803 
          1.89282576242924           0.02772959597648 
          1.99244817097815           0.01982536246942 
          2.09207057952705           0.01350693790038 
          2.19169298807596           0.01169514400959 
          2.29131539662487           0.01125320017344 
          2.39093780517378           0.00834236891036 
          2.49056021372268           0.00741587215829 
          2.59018262227159           0.00680691917058 
          2.68980503082050           0.00644768627544 
          2.78942743936941           0.00607780521520 
          2.88904984791831           0.00732002557799 
          2.98867225646722           0.00494921255607 
          3.08829466501613           0.00469350041963 
          3.18791707356504           0.00350188787544 
          3.28753948211394           0.00368264415177 
          3.38716189066285           0.00258351484541 
          3.48678429921176           0.00223500001678 
          3.58640670776066           0.00296559085080 
          3.68602911630957           0.00191100047605 
          3.78565152485848           0.00208580232105 
          3.88527393340739           0.00168519898365 
          3.98489634195629           0.00141619931615 
          4.08451875050520           0.00143360456156 
          4.18414115905411           0.00121555962744 
          4.28376356760302           0.00115521710973 
          4.38338597615192           0.00111733672938 
          4.48300838470083           0.00079871683047 
          4.58263079324974           0.00065780818605 
          4.68225320179865           0.00088265940189 
          4.78187561034755           0.00075009814300 
          4.88149801889646           0.00070523262060 
          4.98112042744537           0.00065869077753 
          5.08074283599427           0.00066281715918 
          5.18036524454318           0.00078728179581 
          5.27998765309209           0.00057307792295 
          5.37961006164100           0.00057576626614 
          5.47923247018990           0.00042317749629 
          5.57885487873881           0.00035076450991 
          5.67847728728772           0.00042446370910 
          5.77809969583663           0.00032588600600 
          5.87772210438553           0.00037731199998 
          5.97734451293444           0.00034122882597 
          6.07696692148335           0.00034188236952 
