          0.08079189028134          81.06326814442390 
          0.16158378056267          15.28024575540204 
          0.24237567084401           2.90010887996452 
          0.32316756112535           1.77663572002021 
          0.40395945140669           0.89206283797576 
          0.48475134168802           0.97624637633514 
          0.56554323196936           0.49976959607763 
          0.64633512225070           0.36935257154638 
          0.72712701253203           0.24048378155526 
          0.80791890281337           0.11576288746015 
          0.88871079309471           0.09523053476930 
          0.96950268337605           0.07372003863136 
          1.05029457365738           0.02920385470685 
          1.13108646393872           0.02502544996890 
          1.21187835422006           0.03342403559667 
          1.29267024450139           0.02343396932508 
          1.37346213478273           0.01264684407327 
          1.45425402506407           0.01145299516204 
          1.53504591534540           0.01300057187546 
          1.61583780562674           0.00706926774828 
          1.69662969590808           0.01122968612112 
          1.77742158618942           0.00976652847119 
          1.85821347647075           0.00635165967079 
          1.93900536675209           0.00526990428395 
          2.01979725703343           0.00339220067937 
          2.10058914731477           0.00501186142867 
          2.18138103759610           0.00371697403495 
          2.26217292787744           0.00330451783550 
          2.34296481815878           0.00217905696877 
          2.42375670844011           0.00293429691102 
          2.50454859872145           0.00217364649193 
          2.58534048900279           0.00176962230423 
          2.66613237928412           0.00205500016148 
          2.74692426956546           0.00178044773582 
          2.82771615984680           0.00124612251284 
          2.90850805012814           0.00117183104115 
          2.98929994040947           0.00122690696281 
          3.07009183069081           0.00101441487331 
          3.15088372097215           0.00103258903383 
          3.23167561125348           0.00075832664223 
          3.31246750153482           0.00060270571374 
          3.39325939181616           0.00068563071957 
          3.47405128209750           0.00070806082500 
          3.55484317237883           0.00058752495116 
          3.63563506266017           0.00047677115571 
          3.71642695294151           0.00037956632095 
          3.79721884322284           0.00037153322192 
          3.87801073350418           0.00031630282212 
          3.95880262378552           0.00035740250436 
          4.03959451406686           0.00028980833860 
          4.12038640434819           0.00020210098198 
          4.20117829462953           0.00020605078493 
          4.28197018491087           0.00017434167231 
          4.36276207519220           0.00020294963845 
          4.44355396547354           0.00014298353964 
          4.52434585575488           0.00015270329570 
          4.60513774603622           0.00010983602456 
          4.68592963631755           0.00009414722767 
          4.76672152659889           0.00009759977433 
          4.84751341688023           0.00008881579675 
          4.92830530716156           0.00007788492055 
          5.00909719744290           0.00006238669492 
          5.08988908772424           0.00007177378213 
          5.17068097800557           0.00006663314882 
          5.25147286828691           0.00004991727603 
          5.33226475856825           0.00005305253897 
          5.41305664884959           0.00004591530857 
          5.49384853913092           0.00004736553652 
          5.57464042941226           0.00003900725835 
          5.65543231969360           0.00003711402623 
          5.73622420997493           0.00003912087344 
          5.81701610025627           0.00003763285610 
          5.89780799053761           0.00003321813887 
          5.97859988081895           0.00003481411789 
          6.05939177110028           0.00002999326122 
          6.14018366138162           0.00003177619335 
