          0.09745905548596       51817.09986943369600 
          0.19491811097191         405.82045675938843 
          0.29237716645787          67.37523372498634 
          0.38983622194382          25.18903275331556 
          0.48729527742978           9.64661547729202 
          0.58475433291574           2.18521039702012 
          0.68221338840169           1.93710241244402 
          0.77967244388765           0.27854485503732 
          0.87713149937360           0.53469130966345 
          0.97459055485956           0.24519012819008 
          1.07204961034552           0.20777889841762 
          1.16950866583147           0.09793818882511 
          1.26696772131743           0.09363774748267 
          1.36442677680338           0.03937861192990 
          1.46188583228934           0.04789296754833 
          1.55934488777530           0.05195962862714 
          1.65680394326125           0.02987831245400 
          1.75426299874721           0.01709241112126 
          1.85172205423316           0.02583883689452 
          1.94918110971912           0.01562522832981 
          2.04664016520508           0.01361248067321 
          2.14409922069103           0.01526564959371 
          2.24155827617699           0.01201116522528 
          2.33901733166295           0.00876762440496 
          2.43647638714890           0.00628647379218 
          2.53393544263486           0.00620615598444 
          2.63139449812081           0.00674698922521 
          2.72885355360677           0.00551634974405 
          2.82631260909273           0.00494626786678 
          2.92377166457868           0.00457003365145 
          3.02123072006464           0.00330438610246 
          3.11868977555059           0.00415915070979 
          3.21614883103655           0.00265942177167 
          3.31360788652251           0.00283916893670 
          3.41106694200846           0.00224580123726 
          3.50852599749442           0.00174729802571 
          3.60598505298037           0.00193766783102 
          3.70344410846633           0.00176568485623 
          3.80090316395229           0.00151782944583 
          3.89836221943824           0.00136546087031 
          3.99582127492420           0.00111220348485 
          4.09328033041015           0.00126279306400 
          4.19073938589611           0.00099515332748 
          4.28819844138207           0.00116288185879 
          4.38565749686802           0.00090903403941 
          4.48311655235398           0.00084544888160 
          4.58057560783993           0.00081586932326 
          4.67803466332589           0.00070261648875 
          4.77549371881185           0.00066557785085 
          4.87295277429780           0.00061827219367 
          4.97041182978376           0.00051546696887 
          5.06787088526971           0.00051462336604 
          5.16532994075567           0.00050972828652 
          5.26278899624163           0.00041310489199 
          5.36024805172758           0.00038949305883 
          5.45770710721354           0.00038774531357 
          5.55516616269949           0.00039107389593 
          5.65262521818545           0.00034026550970 
          5.75008427367141           0.00027856989906 
          5.84754332915736           0.00034033872679 
          5.94500238464332           0.00030973994118 
          6.04246144012927           0.00030037835405 
