          0.12566370614359        6842.80733946656070 
          0.25132741228718         235.11629192438303 
          0.37699111843078          32.48996043604647 
          0.50265482457437           8.22882053330944 
          0.62831853071796           3.27108419847165 
          0.75398223686155           2.83444450848343 
          0.87964594300514           1.62974823961008 
          1.00530964914873           1.10877692833923 
          1.13097335529233           0.57093754883736 
          1.25663706143592           0.46402747175160 
          1.38230076757951           0.46509297502855 
