          0.08227295151473         657.79764691927869 
          0.16454590302945           6.32085242750481 
          0.24681885454418           5.33392164692074 
          0.32909180605890           3.71041078550951 
          0.41136475757363           2.22975179921111 
          0.49363770908835           0.43893755954663 
          0.57591066060308           0.35059663655860 
          0.65818361211780           0.27964819944968 
          0.74045656363253           0.16392775088405 
          0.82272951514725           0.10859811352308 
          0.90500246666198           0.09735690903502 
          0.98727541817671           0.07509727399813 
          1.06954836969143           0.03369224718272 
          1.15182132120616           0.02204711177679 
          1.23409427272088           0.03338805039340 
          1.31636722423561           0.01770197758034 
          1.39864017575033           0.01375199206761 
          1.48091312726506           0.01811328620536 
          1.56318607877978           0.01354059733466 
          1.64545903029451           0.01084193758775 
          1.72773198180924           0.00870955059036 
          1.81000493332396           0.00706807042772 
          1.89227788483869           0.00804319456489 
          1.97455083635341           0.00677906249569 
          2.05682378786814           0.00439338869226 
          2.13909673938286           0.00411331606163 
          2.22136969089759           0.00367858628907 
          2.30364264241231           0.00305623537437 
          2.38591559392704           0.00242825731386 
          2.46818854544176           0.00323331070914 
          2.55046149695649           0.00228102606041 
          2.63273444847122           0.00210308778491 
          2.71500739998594           0.00190558881658 
          2.79728035150067           0.00165410583269 
          2.87955330301539           0.00141384033594 
          2.96182625453012           0.00139162234648 
          3.04409920604484           0.00147189857158 
          3.12637215755957           0.00108095289629 
          3.20864510907429           0.00076683674019 
          3.29091806058902           0.00080219566722 
          3.37319101210374           0.00080893238690 
          3.45546396361847           0.00063503392053 
          3.53773691513320           0.00062166416923 
          3.62000986664792           0.00055809413244 
          3.70228281816265           0.00048197864836 
          3.78455576967737           0.00043654002063 
          3.86682872119210           0.00039562700393 
          3.94910167270682           0.00038137988465 
          4.03137462422155           0.00035376229363 
          4.11364757573627           0.00035849582265 
          4.19592052725100           0.00032287894796 
          4.27819347876573           0.00029536107541 
          4.36046643028045           0.00026538529516 
          4.44273938179518           0.00026426670523 
          4.52501233330990           0.00020551853539 
          4.60728528482463           0.00022943743615 
          4.68955823633935           0.00019286393142 
          4.77183118785408           0.00017125281556 
          4.85410413936880           0.00018547909036 
          4.93637709088353           0.00012577513985 
          5.01865004239825           0.00014681491131 
          5.10092299391298           0.00014197768650 
          5.18319594542771           0.00010992660197 
          5.26546889694243           0.00011693379709 
          5.34774184845716           0.00010541060847 
          5.43001479997188           0.00011585631287 
          5.51228775148661           0.00009881270193 
          5.59456070300133           0.00009624107133 
          5.67683365451606           0.00011273253612 
          5.75910660603078           0.00008312651187 
          5.84137955754551           0.00008826515988 
          5.92365250906024           0.00007122729660 
          6.00592546057496           0.00008357889160 
          6.08819841208969           0.00008649738756 
