          0.08791360440996       21990.31700629336400 
          0.17582720881991          57.33668588649194 
          0.26374081322987           8.87404539495150 
          0.35165441763983           3.55159632677491 
          0.43956802204978           1.51078484582343 
          0.52748162645974           1.33653565516723 
          0.61539523086970           0.57593617439536 
          0.70330883527965           0.23279192016941 
          0.79122243968961           0.27698132956205 
          0.87913604409956           0.11062280251122 
          0.96704964850952           0.08471264877001 
          1.05496325291948           0.07330303442260 
          1.14287685732943           0.06573141700065 
          1.23079046173939           0.03400649919361 
          1.31870406614935           0.01926279998502 
          1.40661767055930           0.02543035480325 
          1.49453127496926           0.01909804973518 
          1.58244487937922           0.01246690962572 
          1.67035848378917           0.01495861694176 
          1.75827208819913           0.00926637311894 
          1.84618569260909           0.00694625866454 
          1.93409929701904           0.00896121329536 
          2.02201290142900           0.00846238381268 
          2.10992650583895           0.00673597914085 
          2.19784011024891           0.00602684311969 
          2.28575371465887           0.00718353040020 
          2.37366731906882           0.00430565877970 
          2.46158092347878           0.00379827630011 
          2.54949452788874           0.00369765677342 
          2.63740813229869           0.00432385314117 
          2.72532173670865           0.00298223235447 
          2.81323534111861           0.00272870903456 
          2.90114894552856           0.00302312304006 
          2.98906254993852           0.00203186875722 
          3.07697615434848           0.00198991143080 
          3.16488975875843           0.00188015915342 
          3.25280336316839           0.00153617197700 
          3.34071696757834           0.00190987112023 
          3.42863057198830           0.00142264580611 
          3.51654417639826           0.00135001609616 
          3.60445778080821           0.00125021805591 
          3.69237138521817           0.00115072317324 
          3.78028498962813           0.00091805767310 
          3.86819859403808           0.00101806742514 
          3.95611219844804           0.00092476115897 
          4.04402580285800           0.00098372847678 
          4.13193940726795           0.00081628143630 
          4.21985301167791           0.00084395556382 
          4.30776661608787           0.00071234627807 
          4.39568022049782           0.00070778258116 
          4.48359382490778           0.00066108034193 
          4.57150742931773           0.00060274338226 
          4.65942103372769           0.00059281924831 
          4.74733463813765           0.00059385781179 
          4.83524824254760           0.00052918613796 
          4.92316184695756           0.00051922580956 
          5.01107545136752           0.00050192360466 
          5.09898905577747           0.00054657888917 
          5.18690266018743           0.00042486194650 
          5.27481626459739           0.00041318455446 
          5.36272986900734           0.00043562830002 
          5.45064347341730           0.00039217625671 
          5.53855707782726           0.00037195723456 
          5.62647068223721           0.00041222890512 
          5.71438428664717           0.00034515075892 
          5.80229789105713           0.00036599264107 
          5.89021149546708           0.00036349244287 
          5.97812509987704           0.00033017330204 
          6.06603870428699           0.00035108077778 
