          0.08540417707190       12369.95372578305100 
          0.17080835414380         107.09434754092777 
          0.25621253121570          15.14567712308732 
          0.34161670828759           4.95013462973824 
          0.42702088535949           2.34107903281293 
          0.51242506243139           1.13925110730222 
          0.59782923950329           0.48924109576457 
          0.68323341657519           0.37269400823726 
          0.76863759364709           0.21413975810471 
          0.85404177071899           0.10232019935060 
          0.93944594779089           0.11445304163000 
          1.02485012486278           0.06044748542704 
          1.11025430193468           0.06083838550699 
          1.19565847900658           0.04206737611051 
          1.28106265607848           0.02479769681186 
          1.36646683315038           0.02606570759889 
          1.45187101022228           0.01355561740064 
          1.53727518729418           0.01538097473364 
          1.62267936436608           0.01532560928464 
          1.70808354143797           0.00940968602233 
          1.79348771850987           0.01173534702579 
          1.87889189558177           0.00554756383933 
          1.96429607265367           0.00839259943898 
          2.04970024972557           0.00554534815284 
          2.13510442679747           0.00620673488873 
          2.22050860386937           0.00426631048193 
          2.30591278094126           0.00337638042385 
          2.39131695801316           0.00391424633016 
          2.47672113508506           0.00277107756181 
          2.56212531215696           0.00299012980298 
          2.64752948922886           0.00230504769319 
          2.73293366630076           0.00230386854850 
          2.81833784337266           0.00245854192358 
          2.90374202044456           0.00273041505944 
          2.98914619751645           0.00234254458932 
