          0.08540417707190          38.93331714543222 
          0.17080835414380           6.96237989108043 
          0.25621253121570           2.30101846608436 
          0.34161670828759           1.46394156466337 
          0.42702088535949           0.68739846744887 
          0.51242506243139           0.19932662467748 
          0.59782923950329           0.12664961561631 
          0.68323341657519           0.08933437143876 
          0.76863759364709           0.03125208232668 
          0.85404177071899           0.03006793579957 
          0.93944594779089           0.02436115451185 
          1.02485012486278           0.00912140830752 
          1.11025430193468           0.01608116981175 
          1.19565847900658           0.00800023251899 
          1.28106265607848           0.00740448253616 
          1.36646683315038           0.00627658639832 
          1.45187101022228           0.00378728213493 
          1.53727518729418           0.00482308501993 
          1.62267936436608           0.00437457334660 
          1.70808354143797           0.00499309942442 
          1.79348771850987           0.00275886876273 
          1.87889189558177           0.00293088204759 
          1.96429607265367           0.00235956442797 
          2.04970024972557           0.00184583642175 
          2.13510442679747           0.00189805697970 
          2.22050860386937           0.00151185207323 
          2.30591278094126           0.00184062526653 
          2.39131695801316           0.00141052374734 
          2.47672113508506           0.00143606152523 
          2.56212531215696           0.00108337279726 
          2.64752948922886           0.00117313854460 
          2.73293366630076           0.00104521441414 
          2.81833784337266           0.00113894307296 
          2.90374202044456           0.00085971055764 
          2.98914619751645           0.00101121747638 
          3.07455037458835           0.00085982737383 
          3.15995455166025           0.00074749036729 
          3.24535872873215           0.00074071199512 
          3.33076290580405           0.00058700387480 
          3.41616708287595           0.00076379441605 
          3.50157125994785           0.00071732120043 
          3.58697543701975           0.00052767519836 
          3.67237961409164           0.00047896467716 
          3.75778379116354           0.00053903509399 
          3.84318796823544           0.00051587494965 
          3.92859214530734           0.00042937107701 
          4.01399632237924           0.00045567038384 
          4.09940049945114           0.00035347358603 
          4.18480467652304           0.00040400941626 
          4.27020885359493           0.00039927996381 
          4.35561303066683           0.00031908256800 
          4.44101720773873           0.00026793597730 
          4.52642138481063           0.00033582087036 
          4.61182556188253           0.00021888979150 
          4.69722973895443           0.00013734434362 
          4.78263391602633           0.00018071964018 
          4.86803809309823           0.00017710769731 
          4.95344227017012           0.00015424398474 
          5.03884644724202           0.00015683704583 
          5.12425062431392           0.00012674416780 
          5.20965480138582           0.00010254650447 
          5.29505897845772           0.00009203729548 
          5.38046315552962           0.00009948778584 
          5.46586733260152           0.00008284742359 
          5.55127150967341           0.00006732874753 
          5.63667568674531           0.00005892228037 
          5.72207986381721           0.00005082732816 
          5.80748404088911           0.00004678184840 
          5.89288821796101           0.00005100613172 
          5.97829239503291           0.00003841688225 
          6.06369657210481           0.00003629925932 
          6.14910074917671           0.00003702076890 
