          0.08706090213634          75.01885985440137 
          0.17412180427268          25.35151707567886 
          0.26118270640902           6.34350316137237 
          0.34824360854536           1.28693161995381 
          0.43530451068170           0.70141460611169 
          0.52236541281803           0.31691608462960 
          0.60942631495437           0.32308384283649 
          0.69648721709071           0.15356233303942 
          0.78354811922705           0.13169237623940 
          0.87060902136339           0.08754246596271 
          0.95766992349973           0.06693088213889 
          1.04473082563607           0.04904087736049 
          1.13179172777241           0.03556043595730 
          1.21885262990875           0.02941675029724 
          1.30591353204509           0.02686154362812 
          1.39297443418142           0.02257230225595 
          1.48003533631776           0.01761136522937 
          1.56709623845410           0.01172524139638 
          1.65415714059044           0.01237644956981 
          1.74121804272678           0.01237850242538 
          1.82827894486312           0.01004474180734 
          1.91533984699946           0.00919492198061 
          2.00240074913580           0.00849246712334 
          2.08946165127214           0.00770929268289 
          2.17652255340848           0.00562253390377 
          2.26358345554481           0.00434332558960 
          2.35064435768115           0.00571776044877 
          2.43770525981749           0.00568076932573 
          2.52476616195383           0.00439713846080 
          2.61182706409017           0.00355409778554 
          2.69888796622651           0.00305981652710 
          2.78594886836285           0.00325784495664 
          2.87300977049919           0.00334190570211 
          2.96007067263553           0.00246432069097 
          3.04713157477187           0.00288336469729 
          3.13419247690821           0.00263475871523 
          3.22125337904454           0.00251801748156 
          3.30831428118088           0.00202376648711 
          3.39537518331722           0.00197786807634 
          3.48243608545356           0.00219807045869 
          3.56949698758990           0.00179688215104 
          3.65655788972624           0.00160272191476 
          3.74361879186258           0.00163761468015 
          3.83067969399892           0.00142371070354 
          3.91774059613526           0.00146217424318 
          4.00480149827160           0.00152337333643 
          4.09186240040793           0.00145667764910 
          4.17892330254427           0.00123035027978 
          4.26598420468061           0.00107832803578 
          4.35304510681695           0.00108498566525 
          4.44010600895329           0.00099890705466 
          4.52716691108963           0.00108876315880 
          4.61422781322597           0.00083717166945 
          4.70128871536231           0.00094384271351 
          4.78834961749865           0.00086911113778 
          4.87541051963499           0.00073988782368 
          4.96247142177132           0.00084254762481 
          5.04953232390766           0.00071108148777 
          5.13659322604400           0.00062084757216 
          5.22365412818034           0.00066406718264 
          5.31071503031668           0.00060569830476 
          5.39777593245302           0.00065648222300 
          5.48483683458936           0.00055147832414 
          5.57189773672570           0.00055104898104 
          5.65895863886204           0.00050920281541 
          5.74601954099838           0.00054906383504 
          5.83308044313471           0.00050577069326 
          5.92014134527105           0.00045423949349 
          6.00720224740739           0.00052622311033 
          6.09426314954373           0.00046163124549 
