          0.08791360440996          40.95974587467943 
          0.17582720881991          14.44230672245533 
          0.26374081322987          10.12062098515527 
          0.35165441763983           3.50638834666489 
          0.43956802204978           1.02196009665767 
          0.52748162645974           0.89047343750677 
          0.61539523086970           0.46790510151473 
          0.70330883527965           0.25657282200256 
          0.79122243968961           0.18801636604659 
          0.87913604409956           0.16366530568183 
          0.96704964850952           0.09242989433364 
          1.05496325291948           0.04075763458867 
          1.14287685732943           0.06457532277383 
          1.23079046173939           0.04565198434288 
          1.31870406614935           0.04555748770937 
          1.40661767055930           0.03131304869937 
          1.49453127496926           0.02781567339660 
          1.58244487937922           0.02204824044583 
          1.67035848378917           0.01408786244038 
          1.75827208819913           0.01457207263930 
          1.84618569260909           0.01305997783705 
          1.93409929701904           0.01444276212835 
          2.02201290142900           0.01092882989292 
          2.10992650583895           0.00916973078207 
          2.19784011024891           0.00779716407237 
          2.28575371465887           0.00638253719405 
          2.37366731906882           0.00629508457008 
          2.46158092347878           0.00647615883032 
          2.54949452788874           0.00538412974965 
          2.63740813229869           0.00495905856889 
          2.72532173670865           0.00410027746408 
          2.81323534111861           0.00419144483315 
          2.90114894552856           0.00283837768281 
          2.98906254993852           0.00257965613676 
          3.07697615434848           0.00293989270240 
          3.16488975875843           0.00273822558205 
          3.25280336316839           0.00264984711679 
          3.34071696757834           0.00249234889842 
          3.42863057198830           0.00262733207974 
          3.51654417639826           0.00230464657591 
          3.60445778080821           0.00221394909957 
          3.69237138521817           0.00188876071164 
          3.78028498962813           0.00174877723415 
          3.86819859403808           0.00176524378863 
          3.95611219844804           0.00187644941830 
          4.04402580285800           0.00142122891593 
          4.13193940726795           0.00129017348368 
          4.21985301167791           0.00148011870513 
          4.30776661608787           0.00109992882563 
          4.39568022049782           0.00120186818204 
          4.48359382490778           0.00116734472351 
          4.57150742931773           0.00111688699274 
          4.65942103372769           0.00099296025561 
          4.74733463813765           0.00101703776097 
          4.83524824254760           0.00098097498031 
          4.92316184695756           0.00094506655935 
          5.01107545136752           0.00092631081974 
          5.09898905577747           0.00078937589960 
          5.18690266018743           0.00078131444097 
          5.27481626459739           0.00066410013475 
          5.36272986900734           0.00065426841717 
          5.45064347341730           0.00063766956385 
          5.53855707782726           0.00068323107590 
          5.62647068223721           0.00068949526111 
          5.71438428664717           0.00057466697564 
          5.80229789105713           0.00058795385623 
          5.89021149546708           0.00055463123877 
          5.97812509987704           0.00052345728426 
          6.06603870428699           0.00058627873956 
