          0.09438463733182           6.60993338718077 
          0.18876927466365           4.74719211595193 
          0.28315391199547           5.35673994595218 
          0.37753854932730           2.03680060549949 
          0.47192318665912           0.22595110251515 
          0.56630782399095           0.15067735932024 
          0.66069246132277           0.09058927741317 
          0.75507709865460           0.06138048247113 
          0.84946173598642           0.04397602724007 
          0.94384637331825           0.03177983420740 
          1.03823101065007           0.02003864835791 
          1.13261564798190           0.01390564223914 
          1.22700028531372           0.01643444942275 
          1.32138492264555           0.01194269748146 
          1.41576955997737           0.01113899645870 
          1.51015419730920           0.00758019984666 
          1.60453883464102           0.00566924521176 
          1.69892347197285           0.00501407986188 
          1.79330810930467           0.00542526976644 
          1.88769274663650           0.00423364291296 
          1.98207738396832           0.00389638762699 
          2.07646202130015           0.00327252792408 
          2.17084665863197           0.00283339602689 
          2.26523129596380           0.00299641171241 
          2.35961593329562           0.00185108063543 
          2.45400057062745           0.00161358746068 
          2.54838520795927           0.00145715554240 
          2.64276984529110           0.00164390111150 
          2.73715448262292           0.00153660183597 
          2.83153911995475           0.00114639669308 
          2.92592375728657           0.00124426601130 
          3.02030839461840           0.00124007778492 
          3.11469303195022           0.00094439935569 
          3.20907766928205           0.00079015683165 
          3.30346230661387           0.00077131537073 
          3.39784694394570           0.00094608231762 
          3.49223158127752           0.00055758142246 
          3.58661621860935           0.00084857043444 
          3.68100085594117           0.00062521518201 
          3.77538549327300           0.00072134036869 
          3.86977013060482           0.00050720944691 
          3.96415476793665           0.00054683440243 
          4.05853940526847           0.00044691726956 
          4.15292404260030           0.00039334984484 
          4.24730867993212           0.00038176161906 
          4.34169331726395           0.00036843570528 
          4.43607795459577           0.00022415528663 
          4.53046259192760           0.00028863813508 
          4.62484722925942           0.00028841376070 
          4.71923186659125           0.00019662531386 
          4.81361650392307           0.00017086205541 
          4.90800114125490           0.00015926484971 
          5.00238577858672           0.00015288035450 
          5.09677041591855           0.00013754065738 
          5.19115505325037           0.00008953188509 
          5.28553969058220           0.00010726909749 
          5.37992432791402           0.00008855445678 
          5.47430896524585           0.00007800261272 
          5.56869360257767           0.00007013827999 
          5.66307823990950           0.00006547948490 
          5.75746287724132           0.00006418513300 
          5.85184751457315           0.00005735567624 
          5.94623215190497           0.00004960632311 
          6.04061678923680           0.00005527634354 
          6.13500142656862           0.00004599650097 
