          0.08791360440996        1959.83866813121290 
          0.17582720881991          67.95499398176119 
          0.26374081322987          12.41712420009944 
          0.35165441763983           5.54871182004717 
          0.43956802204978           2.21978898905974 
          0.52748162645974           2.04406218356135 
          0.61539523086970           1.36121514419290 
          0.70330883527965           0.85668509211367 
          0.79122243968961           0.82096143209216 
          0.87913604409956           0.66119001825443 
          0.96704964850952           0.55041590449319 
          1.05496325291948           0.32908757855020 
          1.14287685732943           0.19033945975011 
          1.23079046173939           0.11953708234375 
          1.31870406614935           0.11509503408176 
          1.40661767055930           0.09959430249993 
          1.49453127496926           0.07769868159705 
          1.58244487937922           0.07990751025485 
          1.67035848378917           0.09121291247116 
          1.75827208819913           0.08720104004152 
          1.84618569260909           0.06444820866611 
          1.93409929701904           0.05393911504958 
          2.02201290142900           0.04315271940429 
          2.10992650583895           0.03045477261038 
          2.19784011024891           0.02413162710767 
          2.28575371465887           0.02000062846412 
          2.37366731906882           0.02421038593117 
          2.46158092347878           0.02472208506295 
          2.54949452788874           0.02882755839545 
          2.63740813229869           0.02868110535057 
          2.72532173670865           0.01889987159739 
          2.81323534111861           0.01784196029944 
          2.90114894552856           0.01431236854924 
          2.98906254993852           0.01090737493641 
          3.07697615434848           0.01017499122294 
          3.16488975875843           0.01002171113161 
          3.25280336316839           0.01221659407346 
          3.34071696757834           0.01260287412658 
          3.42863057198830           0.01327882178618 
          3.51654417639826           0.01121141225541 
          3.60445778080821           0.00856519092300 
          3.69237138521817           0.00717553198394 
          3.78028498962813           0.00649263088580 
          3.86819859403808           0.00680607370502 
          3.95611219844804           0.00692194324477 
          4.04402580285800           0.00696034557651 
          4.13193940726795           0.00826499673128 
          4.21985301167791           0.00676631096985 
          4.30776661608787           0.00584566206768 
          4.39568022049782           0.00511770986642 
          4.48359382490778           0.00520157248395 
          4.57150742931773           0.00490350689595 
          4.65942103372769           0.00460280423011 
          4.74733463813765           0.00482317641988 
          4.83524824254760           0.00440617985848 
          4.92316184695756           0.00503232601139 
          5.01107545136752           0.00440007550357 
          5.09898905577747           0.00440662703742 
          5.18690266018743           0.00427224760118 
          5.27481626459739           0.00360617692394 
          5.36272986900734           0.00348245829449 
          5.45064347341730           0.00332308155445 
          5.53855707782726           0.00339002454740 
          5.62647068223721           0.00369291164011 
          5.71438428664717           0.00340604005025 
          5.80229789105713           0.00377833183432 
          5.89021149546708           0.00342741404637 
          5.97812509987704           0.00319641257807 
          6.06603870428699           0.00317910637558 
