          0.08967011998258          31.74359594191099 
          0.17934023996517           2.13720500537971 
          0.26901035994775           1.03265817250243 
          0.35868047993033           0.54914448803455 
          0.44835059991291           0.25947698882651 
          0.53802071989550           0.12324020880612 
          0.62769083987808           0.09781510574007 
          0.71736095986066           0.03770676254102 
          0.80703107984325           0.02431309319392 
          0.89670119982583           0.02435811582425 
          0.98637131980841           0.01448406189787 
          1.07604143979100           0.01403238584819 
          1.16571155977358           0.00941369532139 
          1.25538167975616           0.00618960466294 
          1.34505179973874           0.00719364578531 
          1.43472191972133           0.00518141326858 
          1.52439203970391           0.00407543719615 
          1.61406215968649           0.00379666837967 
          1.70373227966908           0.00249840342220 
          1.79340239965166           0.00334764623667 
          1.88307251963424           0.00213393226836 
          1.97274263961682           0.00185548316016 
          2.06241275959941           0.00184430958654 
          2.15208287958199           0.00168275464333 
          2.24175299956457           0.00175296039881 
          2.33142311954716           0.00175967404006 
          2.42109323952974           0.00142506590645 
          2.51076335951232           0.00113396862538 
          2.60043347949491           0.00114259063344 
          2.69010359947749           0.00131943225921 
          2.77977371946007           0.00086794242209 
          2.86944383944265           0.00074936156712 
          2.95911395942524           0.00081284651474 
          3.04878407940782           0.00079382594431 
          3.13845419939040           0.00091629291243 
          3.22812431937299           0.00080575144095 
          3.31779443935557           0.00079646708298 
          3.40746455933815           0.00060410579863 
          3.49713467932073           0.00057495297339 
          3.58680479930332           0.00078031727104 
          3.67647491928590           0.00062307130587 
          3.76614503926848           0.00057081110147 
          3.85581515925107           0.00049669751276 
          3.94548527923365           0.00042217789176 
          4.03515539921623           0.00056886838106 
          4.12482551919882           0.00044041183774 
          4.21449563918140           0.00038919911118 
          4.30416575916398           0.00040169386167 
          4.39383587914656           0.00037232071844 
          4.48350599912915           0.00035524937349 
          4.57317611911173           0.00035350052915 
          4.66284623909431           0.00025844585429 
          4.75251635907690           0.00026439869389 
          4.84218647905948           0.00026190997449 
          4.93185659904206           0.00020790657267 
          5.02152671902464           0.00018811099893 
          5.11119683900723           0.00019469260767 
          5.20086695898981           0.00015987131603 
          5.29053707897239           0.00012192234175 
          5.38020719895498           0.00012136540590 
          5.46987731893756           0.00012956424589 
          5.55954743892014           0.00010791436729 
          5.64921755890273           0.00011442417447 
          5.73888767888531           0.00010779540250 
          5.82855779886789           0.00009227784050 
          5.91822791885047           0.00008828666435 
          6.00789803883306           0.00007769138662 
          6.09756815881564           0.00007048881846 
