          0.09149825698529          28.31382202196697 
          0.18299651397057           2.95678900583782 
          0.27449477095586           1.08552621956602 
          0.36599302794114           0.64506353045348 
          0.45749128492643           0.21707159059690 
          0.54898954191172           0.14178518354176 
          0.64048779889700           0.08149693973049 
          0.73198605588229           0.05913896984157 
          0.82348431286757           0.03289873117632 
          0.91498256985286           0.02951195984767 
          1.00648082683815           0.01616984638557 
          1.09797908382343           0.01471461925374 
          1.18947734080872           0.00836738997414 
          1.28097559779400           0.00761662075943 
          1.37247385477929           0.00601307793115 
          1.46397211176458           0.00409525997112 
          1.55547036874986           0.00319794800044 
          1.64696862573515           0.00384321242008 
          1.73846688272043           0.00373248308124 
          1.82996513970572           0.00187065987525 
          1.92146339669101           0.00174336618306 
          2.01296165367629           0.00169571964975 
          2.10445991066158           0.00196246218862 
          2.19595816764686           0.00162189478893 
          2.28745642463215           0.00147307803891 
          2.37895468161743           0.00135060200549 
          2.47045293860272           0.00126627222293 
          2.56195119558801           0.00152855050488 
          2.65344945257329           0.00102466301441 
          2.74494770955858           0.00104029514332 
          2.83644596654386           0.00087977770997 
          2.92794422352915           0.00093996546213 
          3.01944248051444           0.00079171745808 
          3.11094073749972           0.00089018365101 
          3.20243899448501           0.00071188285248 
          3.29393725147029           0.00060224179225 
          3.38543550845558           0.00078327603214 
          3.47693376544087           0.00056880215472 
          3.56843202242615           0.00061594528658 
          3.65993027941144           0.00058594744904 
          3.75142853639672           0.00042841732507 
          3.84292679338201           0.00058318010943 
          3.93442505036730           0.00043271830695 
          4.02592330735258           0.00052536728852 
          4.11742156433787           0.00041082322395 
          4.20891982132315           0.00049435102000 
          4.30041807830844           0.00038989111255 
          4.39191633529373           0.00037142060693 
          4.48341459227901           0.00029109692978 
          4.57491284926430           0.00029482544589 
          4.66641110624958           0.00023537811098 
          4.75790936323487           0.00022983817375 
          4.84940762022016           0.00021207403230 
          4.94090587720544           0.00015980993760 
          5.03240413419073           0.00013818869027 
          5.12390239117601           0.00012844944119 
          5.21540064816130           0.00011134349310 
          5.30689890514659           0.00008247013270 
          5.39839716213187           0.00009161918611 
          5.48989541911716           0.00008449345064 
          5.58139367610244           0.00007725549710 
          5.67289193308773           0.00005826603138 
          5.76439019007301           0.00005855473167 
          5.85588844705830           0.00005581737677 
          5.94738670404359           0.00003952966548 
          6.03888496102887           0.00003802808027 
          6.13038321801416           0.00003689531427 
