          0.09438463733182          19.86824251412285 
          0.18876927466365           4.50070544563104 
          0.28315391199547           1.03126028997513 
          0.37753854932730           1.79904318235852 
          0.47192318665912           0.25046855685357 
          0.56630782399095           0.07782252626990 
          0.66069246132277           0.07791562600229 
          0.75507709865460           0.01870575425575 
          0.84946173598642           0.03958545011209 
          0.94384637331825           0.02017916688724 
          1.03823101065007           0.01411536439434 
          1.13261564798190           0.00996244448305 
          1.22700028531372           0.01050687152515 
          1.32138492264555           0.00726747813000 
          1.41576955997737           0.00786260266895 
          1.51015419730920           0.00385700054637 
          1.60453883464102           0.00488918343649 
          1.69892347197285           0.00212188307785 
          1.79330810930467           0.00257731741166 
          1.88769274663650           0.00322167233842 
          1.98207738396832           0.00231593322125 
          2.07646202130015           0.00178809233587 
          2.17084665863197           0.00175770357329 
          2.26523129596380           0.00136428840959 
          2.35961593329562           0.00139674817870 
          2.45400057062745           0.00147930156934 
          2.54838520795927           0.00124533712792 
          2.64276984529110           0.00118799320610 
          2.73715448262292           0.00130875177689 
          2.83153911995475           0.00127025233268 
          2.92592375728657           0.00079157228404 
          3.02030839461840           0.00086882609285 
          3.11469303195022           0.00085915383520 
          3.20907766928205           0.00095440960892 
          3.30346230661387           0.00081379713861 
          3.39784694394570           0.00067773226489 
          3.49223158127752           0.00075428968872 
          3.58661621860935           0.00062933138802 
          3.68100085594117           0.00050151648875 
          3.77538549327300           0.00052448340144 
          3.86977013060482           0.00052611779800 
          3.96415476793665           0.00055328970278 
          4.05853940526847           0.00051654397486 
          4.15292404260030           0.00045504530107 
          4.24730867993212           0.00043593022361 
          4.34169331726395           0.00031717119872 
          4.43607795459577           0.00027860431930 
          4.53046259192760           0.00029603473009 
          4.62484722925942           0.00025918167006 
          4.71923186659125           0.00023702885849 
          4.81361650392307           0.00021163513260 
          4.90800114125490           0.00018622369845 
          5.00238577858672           0.00020348406270 
          5.09677041591855           0.00015495382836 
          5.19115505325037           0.00012355298997 
          5.28553969058220           0.00012347761517 
          5.37992432791402           0.00009842305192 
          5.47430896524585           0.00009317128625 
          5.56869360257767           0.00008722461231 
          5.66307823990950           0.00006443324772 
          5.75746287724132           0.00006678568661 
          5.85184751457315           0.00004516658705 
          5.94623215190497           0.00005775318517 
          6.04061678923680           0.00004727046018 
          6.13500142656862           0.00003332102435 
