          0.09745905548596       44780.64144307302900 
          0.19491811097191          57.02060847060923 
          0.29237716645787          55.43304650689474 
          0.38983622194382           4.00766045973987 
          0.48729527742978           1.35838110309674 
          0.58475433291574           0.57816568340321 
          0.68221338840169           0.32964969788801 
          0.77967244388765           0.16778117134417 
          0.87713149937360           0.11824481345772 
          0.97459055485956           0.10970662913691 
          1.07204961034552           0.06409210214838 
          1.16950866583147           0.05934716689309 
          1.26696772131743           0.05282012132904 
          1.36442677680338           0.02691397097551 
          1.46188583228934           0.02768123214069 
          1.55934488777530           0.02628641975672 
          1.65680394326125           0.01986976491639 
          1.75426299874721           0.01503765274084 
          1.85172205423316           0.01355315549260 
          1.94918110971912           0.01197039001648 
          2.04664016520508           0.01365770396282 
          2.14409922069103           0.00817299534777 
          2.24155827617699           0.00790121932312 
          2.33901733166295           0.00847378268717 
          2.43647638714890           0.00759868078074 
          2.53393544263486           0.00615095604660 
          2.63139449812081           0.00482815602970 
          2.72885355360677           0.00443305208271 
          2.82631260909273           0.00341004162566 
          2.92377166457868           0.00346016961118 
          3.02123072006464           0.00339586489036 
          3.11868977555059           0.00295006573814 
          3.21614883103655           0.00316974381919 
          3.31360788652251           0.00252309158896 
          3.41106694200846           0.00233564564759 
          3.50852599749442           0.00243384167783 
          3.60598505298037           0.00224473399935 
          3.70344410846633           0.00165090242293 
          3.80090316395229           0.00208613454286 
          3.89836221943824           0.00161284013734 
          3.99582127492420           0.00143928114956 
          4.09328033041015           0.00140187725468 
          4.19073938589611           0.00140658218429 
          4.28819844138207           0.00100344375344 
          4.38565749686802           0.00104118926229 
          4.48311655235398           0.00104619210489 
          4.58057560783993           0.00086760285517 
          4.67803466332589           0.00087904562166 
          4.77549371881185           0.00112601501540 
          4.87295277429780           0.00075198400606 
          4.97041182978376           0.00067748786045 
          5.06787088526971           0.00063858956357 
          5.16532994075567           0.00052743268614 
          5.26278899624163           0.00068153414344 
          5.36024805172758           0.00053332780481 
          5.45770710721354           0.00049162002360 
          5.55516616269949           0.00046209347324 
          5.65262521818545           0.00044486280474 
          5.75008427367141           0.00038190891322 
          5.84754332915736           0.00035173179415 
          5.94500238464332           0.00035052170763 
          6.04246144012927           0.00036054947153 
