          0.09538766217063       38469.89107358329800 
          0.19077532434127         125.42172891454335 
          0.28616298651190          22.15729656620736 
          0.38155064868253           2.94853477728670 
          0.47693831085316           2.05228448162277 
          0.57232597302380           0.77775237435066 
          0.66771363519443           0.51526166588972 
          0.76310129736506           0.21400671705562 
          0.85848895953570           0.15460829209581 
          0.95387662170633           0.07432598683155 
          1.04926428387696           0.06518378526718 
          1.14465194604759           0.05927351456345 
          1.24003960821823           0.03190235170143 
          1.33542727038886           0.02923189578953 
          1.43081493255949           0.02045286718289 
          1.52620259473013           0.02447092368211 
          1.62159025690076           0.01158722400000 
          1.71697791907139           0.01023362669861 
          1.81236558124202           0.01058320543321 
          1.90775324341266           0.00790428239582 
          2.00314090558329           0.00639426346189 
          2.09852856775392           0.00714705709415 
          2.19391622992456           0.00542818971821 
          2.28930389209519           0.00526834889524 
          2.38469155426582           0.00342518098676 
          2.48007921643645           0.00437879184664 
          2.57546687860709           0.00393099746040 
          2.67085454077772           0.00343352652332 
          2.76624220294835           0.00259440305260 
          2.86162986511899           0.00241954086450 
          2.95701752728962           0.00253396285991 
          3.05240518946025           0.00258149447749 
          3.14779285163088           0.00183473336665 
          3.24318051380152           0.00183690322212 
          3.33856817597215           0.00125770958216 
          3.43395583814278           0.00170853032688 
          3.52934350031342           0.00153915954661 
          3.62473116248405           0.00160926685239 
          3.72011882465468           0.00108516832217 
          3.81550648682531           0.00115148351463 
          3.91089414899595           0.00089003622590 
          4.00628181116658           0.00091065442552 
          4.10166947333721           0.00096984360127 
          4.19705713550785           0.00074697486804 
          4.29244479767848           0.00077613822585 
          4.38783245984911           0.00073580028955 
          4.48322012201975           0.00053431294285 
          4.57860778419038           0.00061588440268 
          4.67399544636101           0.00049664681816 
          4.76938310853164           0.00054230991750 
          4.86477077070228           0.00051181382209 
          4.96015843287291           0.00060668162739 
          5.05554609504354           0.00048933538083 
          5.15093375721418           0.00044705143514 
          5.24632141938481           0.00041941569145 
          5.34170908155544           0.00043124544938 
          5.43709674372607           0.00038406960827 
          5.53248440589671           0.00037785001488 
          5.62787206806734           0.00033548422142 
          5.72325973023797           0.00035518463225 
          5.81864739240861           0.00031174359774 
          5.91403505457924           0.00032672904556 
          6.00942271674987           0.00034393926370 
          6.10481037892050           0.00030691531879 
