          0.09641223426699       41346.29149946544900 
          0.19282446853398         103.83061722329462 
          0.28923670280096          35.92337091544440 
          0.38564893706795           8.99380946115938 
          0.48206117133494           1.28611106186285 
          0.57847340560193           0.74157178743532 
          0.67488563986891           0.34225105961582 
          0.77129787413590           0.30201147194770 
          0.86771010840289           0.15774502406634 
          0.96412234266988           0.12970898806067 
          1.06053457693686           0.06986978454793 
          1.15694681120385           0.05752594360455 
          1.25335904547084           0.02892936162021 
          1.34977127973783           0.03907839851729 
          1.44618351400481           0.03140151600328 
          1.54259574827180           0.02515396022763 
          1.63900798253879           0.01693154743263 
          1.73542021680578           0.01327583864977 
          1.83183245107277           0.01258158842751 
          1.92824468533975           0.01139223072506 
          2.02465691960674           0.00698164181481 
          2.12106915387373           0.00904405449821 
          2.21748138814072           0.00632361131586 
          2.31389362240770           0.00636479446087 
          2.41030585667469           0.00511327948857 
          2.50671809094168           0.00457497643502 
          2.60313032520867           0.00347757971862 
          2.69954255947565           0.00412712894158 
          2.79595479374264           0.00229707468757 
          2.89236702800963           0.00214344786952 
          2.98877926227662           0.00191277417752 
          3.08519149654361           0.00260143153678 
          3.18160373081059           0.00189171788342 
          3.27801596507758           0.00168031855051 
          3.37442819934457           0.00154600969067 
          3.47084043361156           0.00155425238423 
          3.56725266787854           0.00145975839654 
          3.66366490214553           0.00122085094753 
          3.76007713641252           0.00084668839305 
          3.85648937067951           0.00074163438059 
          3.95290160494649           0.00087003969427 
          4.04931383921348           0.00060656856506 
          4.14572607348047           0.00055843809516 
          4.24213830774746           0.00058529236186 
          4.33855054201444           0.00051571061272 
          4.43496277628143           0.00043416933011 
          4.53137501054842           0.00057178060747 
          4.62778724481541           0.00041886272737 
          4.72419947908240           0.00050772909281 
          4.82061171334938           0.00031179490566 
          4.91702394761637           0.00033235488454 
          5.01343618188336           0.00029018784656 
          5.10984841615035           0.00029076880658 
          5.20626065041733           0.00021557069733 
          5.30267288468432           0.00020898196738 
          5.39908511895131           0.00020640158855 
          5.49549735321830           0.00016658193319 
          5.59190958748528           0.00018892068311 
          5.68832182175227           0.00016220900796 
          5.78473405601926           0.00012209488214 
          5.88114629028625           0.00012919295401 
          5.97755852455323           0.00012238608840 
          6.07397075882022           0.00012702563691 
