          0.08706090213634           2.86978977048521 
          0.17412180427268           1.61239413249450 
          0.26118270640902           1.27211993222336 
          0.34824360854536           0.41536612309534 
          0.43530451068170           0.45901873850220 
          0.52236541281803           0.18538618504871 
          0.60942631495437           0.19166142571498 
          0.69648721709071           0.07295764887419 
          0.78354811922705           0.13646070287332 
          0.87060902136339           0.06431056364940 
          0.95766992349973           0.08595094372498 
          1.04473082563607           0.07759254539403 
          1.13179172777241           0.07616751488716 
          1.21885262990875           0.06750684516193 
          1.30591353204509           0.06276330295839 
          1.39297443418142           0.06637201224173 
          1.48003533631776           0.06125235628377 
          1.56709623845410           0.05730217242199 
          1.65415714059044           0.05282734186988 
          1.74121804272678           0.05861306742202 
          1.82827894486312           0.05659328830262 
          1.91533984699946           0.05330712116809 
          2.00240074913580           0.05883760703227 
          2.08946165127214           0.05159578249527 
          2.17652255340848           0.04910214864365 
          2.26358345554481           0.04508743712776 
          2.35064435768115           0.04670822541524 
          2.43770525981749           0.04351871342906 
          2.52476616195383           0.04386312570774 
          2.61182706409017           0.04106348034919 
          2.69888796622651           0.04070496746101 
          2.78594886836285           0.03628058996271 
          2.87300977049919           0.03661078890816 
          2.96007067263553           0.03684949462031 
          3.04713157477187           0.03615760826604 
          3.13419247690821           0.03425962386199 
          3.22125337904454           0.03196096363632 
          3.30831428118088           0.03163232137213 
          3.39537518331722           0.03237772236616 
          3.48243608545356           0.02849395800850 
          3.56949698758990           0.02811616209328 
          3.65655788972624           0.02699415841105 
          3.74361879186258           0.02557670845798 
          3.83067969399892           0.02501824995047 
          3.91774059613526           0.02412891039578 
          4.00480149827160           0.02328574796801 
          4.09186240040793           0.02189452207573 
          4.17892330254427           0.02046537288378 
          4.26598420468061           0.01962457371822 
          4.35304510681695           0.01831143229425 
          4.44010600895329           0.01747317269313 
          4.52716691108963           0.01709887415061 
          4.61422781322597           0.01610071056590 
          4.70128871536231           0.01587974124442 
          4.78834961749865           0.01432677432875 
          4.87541051963499           0.01355775738900 
          4.96247142177132           0.01290364144532 
          5.04953232390766           0.01219901672893 
          5.13659322604400           0.01176799343232 
          5.22365412818034           0.01141323056970 
          5.31071503031668           0.01066130793895 
          5.39777593245302           0.01000685623873 
          5.48483683458936           0.00942494871678 
          5.57189773672570           0.00890250776709 
          5.65895863886204           0.00870502711408 
          5.74601954099838           0.00815081694399 
          5.83308044313471           0.00765764990779 
          5.92014134527105           0.00757796632302 
          6.00720224740739           0.00706446542814 
          6.09426314954373           0.00651976938025 
