          0.09438463733182          14.90590262162422 
          0.18876927466365           3.71231247419281 
          0.28315391199547           3.92055988323812 
          0.37753854932730           2.27245883168782 
          0.47192318665912           1.13271818083529 
          0.56630782399095           0.57147932060880 
          0.66069246132277           0.36389392144867 
          0.75507709865460           0.24542801786506 
          0.84946173598642           0.20899135394436 
          0.94384637331825           0.13722187150564 
          1.03823101065007           0.12204345633536 
          1.13261564798190           0.06464115738511 
          1.22700028531372           0.05490541185456 
          1.32138492264555           0.05001368096669 
          1.41576955997737           0.03480426573475 
          1.51015419730920           0.03619796490543 
          1.60453883464102           0.02816059422845 
          1.69892347197285           0.02623479700395 
          1.79330810930467           0.02380319141246 
          1.88769274663650           0.01894717719162 
          1.98207738396832           0.01605097787565 
          2.07646202130015           0.01372121545800 
          2.17084665863197           0.01214779297915 
          2.26523129596380           0.01148429397750 
          2.35961593329562           0.00962177162888 
          2.45400057062745           0.00936344204968 
          2.54838520795927           0.00840532706524 
          2.64276984529110           0.00783391360503 
          2.73715448262292           0.00655284331384 
          2.83153911995475           0.00682598638581 
          2.92592375728657           0.00524179659009 
          3.02030839461840           0.00549170004124 
          3.11469303195022           0.00561310043418 
          3.20907766928205           0.00426149431500 
          3.30346230661387           0.00425801954001 
          3.39784694394570           0.00425099845857 
          3.49223158127752           0.00394669232339 
          3.58661621860935           0.00344989037449 
          3.68100085594117           0.00342030971088 
          3.77538549327300           0.00321052481214 
          3.86977013060482           0.00299354967973 
          3.96415476793665           0.00293335510608 
          4.05853940526847           0.00242563447215 
          4.15292404260030           0.00250467379348 
          4.24730867993212           0.00250995520967 
          4.34169331726395           0.00248659486946 
          4.43607795459577           0.00225376752063 
          4.53046259192760           0.00184995024678 
          4.62484722925942           0.00224466989924 
          4.71923186659125           0.00175234443095 
          4.81361650392307           0.00174697270251 
          4.90800114125490           0.00189559237204 
          5.00238577858672           0.00155878955637 
          5.09677041591855           0.00159096515389 
          5.19115505325037           0.00138123517141 
          5.28553969058220           0.00151707569640 
          5.37992432791402           0.00137732763869 
          5.47430896524585           0.00131907497435 
          5.56869360257767           0.00129999061789 
          5.66307823990950           0.00115622027248 
          5.75746287724132           0.00117525774030 
          5.85184751457315           0.00120630329638 
          5.94623215190497           0.00112500431002 
          6.04061678923680           0.00114204921557 
          6.13500142656862           0.00105228390891 
