          0.09149825698529          16.69824998551314 
          0.18299651397057           3.85745074778847 
          0.27449477095586           1.31628146337617 
          0.36599302794114           1.35412861011848 
          0.45749128492643           0.97685929461198 
          0.54898954191172           0.49540223234676 
          0.64048779889700           0.18921531040812 
          0.73198605588229           0.12707156496493 
          0.82348431286757           0.12156510150839 
          0.91498256985286           0.10768369295465 
          1.00648082683815           0.06638940778522 
          1.09797908382343           0.03148004156618 
          1.18947734080872           0.02617678402659 
          1.28097559779400           0.02405506922072 
          1.37247385477929           0.02958325887317 
          1.46397211176458           0.01937548270739 
          1.55547036874986           0.01341118870217 
          1.64696862573515           0.01373123600974 
          1.73846688272043           0.01517526333256 
          1.82996513970572           0.00875737876288 
          1.92146339669101           0.00901247302428 
          2.01296165367629           0.00687749419733 
          2.10445991066158           0.00740867146695 
          2.19595816764686           0.00635591045826 
          2.28745642463215           0.00523550661575 
          2.37895468161743           0.00518848039098 
          2.47045293860272           0.00444182242043 
          2.56195119558801           0.00431481429793 
          2.65344945257329           0.00426604348724 
          2.74494770955858           0.00305142908985 
          2.83644596654386           0.00299165270016 
          2.92794422352915           0.00254440035027 
          3.01944248051444           0.00277716179289 
          3.11094073749972           0.00219131438261 
          3.20243899448501           0.00241081391090 
          3.29393725147029           0.00236034160771 
          3.38543550845558           0.00227827910839 
          3.47693376544087           0.00181503223484 
          3.56843202242615           0.00194504200785 
          3.65993027941144           0.00170552651144 
          3.75142853639672           0.00170135148814 
          3.84292679338201           0.00158216451879 
          3.93442505036730           0.00138967525446 
          4.02592330735258           0.00119461186006 
          4.11742156433787           0.00144287966693 
          4.20891982132315           0.00127246279279 
          4.30041807830844           0.00124148195893 
          4.39191633529373           0.00115625383230 
          4.48341459227901           0.00106629583361 
          4.57491284926430           0.00099059785581 
          4.66641110624958           0.00087219959551 
          4.75790936323487           0.00108654229987 
          4.84940762022016           0.00093577684253 
          4.94090587720544           0.00083075599427 
          5.03240413419073           0.00077019068112 
          5.12390239117601           0.00071753613696 
          5.21540064816130           0.00065234375145 
          5.30689890514659           0.00067449197523 
          5.39839716213187           0.00060664571718 
          5.48989541911716           0.00056383423973 
          5.58139367610244           0.00054993976352 
          5.67289193308773           0.00058347175791 
          5.76439019007301           0.00052399393150 
          5.85588844705830           0.00050672498697 
          5.94738670404359           0.00049919990969 
          6.03888496102887           0.00049362455564 
          6.13038321801416           0.00048339487740 
