          0.09340248709944          43.84523000446550 
          0.18680497419889          11.13038077153315 
          0.28020746129833           4.51786208291338 
          0.37360994839778           1.07396782733823 
          0.46701243549722           0.53221228329519 
          0.56041492259666           0.31185372120281 
          0.65381740969611           0.20084483488053 
          0.74721989679555           0.11399330718679 
          0.84062238389499           0.07972607174933 
          0.93402487099444           0.05390134794447 
          1.02742735809388           0.02575833205582 
          1.12082984519333           0.02504762343832 
          1.21423233229277           0.01595738432171 
          1.30763481939221           0.01299987055324 
          1.40103730649166           0.00921711019194 
          1.49443979359110           0.01211310482303 
          1.58784228069055           0.00898179739521 
          1.68124476778999           0.00619531720816 
          1.77464725488943           0.00664370998267 
          1.86804974198888           0.00589004855751 
          1.96145222908832           0.00463818381484 
          2.05485471618776           0.00513097722264 
          2.14825720328721           0.00455688772472 
          2.24165969038665           0.00341346298008 
          2.33506217748610           0.00300795758605 
          2.42846466458554           0.00214954380541 
          2.52186715168498           0.00190160807617 
          2.61526963878443           0.00240888223945 
          2.70867212588387           0.00178651010719 
          2.80207461298331           0.00149128527656 
          2.89547710008276           0.00107283289475 
          2.98887958718220           0.00114646550918 
          3.08228207428165           0.00099180654630 
          3.17568456138109           0.00119640600101 
          3.26908704848053           0.00099839599712 
          3.36248953557998           0.00107539116526 
          3.45589202267942           0.00082589568209 
          3.54929450977887           0.00080270890089 
          3.64269699687831           0.00079904394001 
          3.73609948397775           0.00060492648644 
          3.82950197107720           0.00044273082403 
          3.92290445817664           0.00067743655624 
          4.01630694527609           0.00056490425371 
          4.10970943237553           0.00039748195460 
          4.20311191947497           0.00034991398010 
          4.29651440657442           0.00037683941995 
          4.38991689367386           0.00029182722092 
          4.48331938077330           0.00029296574829 
          4.57672186787275           0.00027181648594 
          4.67012435497219           0.00025473535245 
          4.76352684207164           0.00020342033271 
          4.85692932917108           0.00017127747032 
          4.95033181627052           0.00016425225249 
          5.04373430336997           0.00017794438475 
          5.13713679046941           0.00015092280544 
          5.23053927756885           0.00011598154218 
          5.32394176466830           0.00011683533507 
          5.41734425176774           0.00007872046157 
          5.51074673886719           0.00007064628177 
          5.60414922596663           0.00007838145803 
          5.69755171306607           0.00007374695203 
          5.79095420016552           0.00006745329040 
          5.88435668726496           0.00006410956620 
          5.97775917436441           0.00006042495268 
          6.07116166146385           0.00004979723216 
          6.16456414856329           0.00004624014143 
          6.25796663566274           0.00004465496101 
          6.35136912276218           0.00003843739365 
          6.44477160986162           0.00004269863548 
          6.53817409696107           0.00003670054354 
          6.63157658406051           0.00003705969332 
          6.72497907115996           0.00003109049579 
          6.81838155825940           0.00002893419014 
          6.91178404535884           0.00003052887678 
          7.00518653245829           0.00002813890712 
          7.09858901955773           0.00002359388805 
          7.19199150665718           0.00002453307415 
          7.28539399375662           0.00002586867954 
          7.37879648085606           0.00002350616646 
          7.47219896795551           0.00002134208672 
          7.56560145505495           0.00002269544844 
          7.65900394215439           0.00002082694719 
          7.75240642925384           0.00002064241005 
          7.84580891635328           0.00001814159681 
          7.93921140345273           0.00001958597432 
          8.03261389055217           0.00001873767605 
          8.12601637765161           0.00001707937710 
          8.21941886475106           0.00001802065816 
          8.31282135185050           0.00001566840254 
          8.40622383894994           0.00001614834713 
          8.49962632604939           0.00001464905512 
          8.59302881314883           0.00001590950843 
          8.68643130024827           0.00001454330675 
          8.77983378734772           0.00001467819521 
          8.87323627444716           0.00001446932159 
          8.96663876154661           0.00001344043873 
          9.06004124864605           0.00001286457477 
          9.15344373574549           0.00001345807973 
          9.24684622284494           0.00001210066232 
          9.34024870994438           0.00001177370870 
          9.43365119704383           0.00001062220340 
          9.52705368414327           0.00001151649879 
          9.62045617124272           0.00001061047170 
          9.71385865834216           0.00001069474188 
          9.80726114544160           0.00000945528110 
          9.90066363254105           0.00000891448471 
          9.99406611964049           0.00000939760221 
         10.08746860673993           0.00000928206549 
         10.18087109383938           0.00000894959311 
         10.27427358093882           0.00000870971379 
         10.36767606803827           0.00000789987571 
         10.46107855513771           0.00000780985881 
         10.55448104223715           0.00000766328995 
         10.64788352933660           0.00000691817987 
         10.74128601643604           0.00000703160607 
         10.83468850353549           0.00000688849186 
         10.92809099063493           0.00000673624473 
         11.02149347773437           0.00000596210583 
         11.11489596483382           0.00000581915443 
         11.20829845193326           0.00000603555216 
         11.30170093903270           0.00000591446764 
         11.39510342613215           0.00000568889963 
         11.48850591323159           0.00000464380110 
         11.58190840033103           0.00000569397526 
         11.67531088743048           0.00000503474244 
         11.76871337452992           0.00000479167509 
         11.86211586162937           0.00000432000362 
         11.95551834872881           0.00000446044358 
         12.04892083582825           0.00000446816824 
         12.14232332292770           0.00000409105499 
         12.23572581002714           0.00000422133596 
         12.32912829712659           0.00000363739151 
         12.42253078422603           0.00000365326494 
         12.51593327132547           0.00000381496048 
         12.60933575842492           0.00000344642195 
         12.70273824552436           0.00000337394916 
         12.79614073262381           0.00000318935621 
         12.88954321972325           0.00000320716951 
         12.98294570682269           0.00000312685382 
         13.07634819392214           0.00000295534678 
         13.16975068102158           0.00000296786166 
         13.26315316812103           0.00000286887414 
         13.35655565522047           0.00000276320781 
         13.44995814231991           0.00000252218657 
         13.54336062941936           0.00000251395649 
         13.63676311651880           0.00000249620913 
         13.73016560361825           0.00000251483136 
         13.82356809071769           0.00000235284444 
         13.91697057781713           0.00000231521995 
         14.01037306491658           0.00000232362381 
         14.10377555201602           0.00000217907603 
         14.19717803911546           0.00000208365325 
         14.29058052621491           0.00000212876195 
         14.38398301331435           0.00000192632006 
         14.47738550041379           0.00000197673814 
         14.57078798751324           0.00000191308999 
         14.66419047461268           0.00000184539554 
         14.75759296171213           0.00000184702517 
         14.85099544881157           0.00000178556863 
         14.94439793591101           0.00000174332273 
         15.03780042301046           0.00000160719654 
         15.13120291010990           0.00000165167731 
         15.22460539720934           0.00000164102765 
         15.31800788430879           0.00000152961548 
         15.41141037140823           0.00000151290945 
         15.50481285850768           0.00000146584894 
         15.59821534560712           0.00000152874697 
         15.69161783270656           0.00000143135140 
         15.78502031980601           0.00000130162090 
         15.87842280690545           0.00000133100466 
         15.97182529400490           0.00000133814120 
         16.06522778110434           0.00000127583667 
         16.15863026820378           0.00000122622180 
         16.25203275530323           0.00000124086734 
         16.34543524240267           0.00000119540844 
         16.43883772950211           0.00000119335580 
         16.53224021660156           0.00000117880477 
         16.62564270370100           0.00000107530438 
         16.71904519080045           0.00000110786027 
         16.81244767789989           0.00000108553936 
         16.90585016499933           0.00000108441138 
         16.99925265209878           0.00000103697401 
         17.09265513919822           0.00000101689981 
         17.18605762629766           0.00000104448770 
         17.27946011339711           0.00000096211933 
         17.37286260049655           0.00000095257585 
         17.46626508759600           0.00000098657088 
         17.55966757469544           0.00000093612652 
         17.65307006179489           0.00000095118807 
         17.74647254889433           0.00000089758703 
         17.83987503599377           0.00000084055310 
         17.93327752309322           0.00000089054493 
         18.02668001019266           0.00000082307207 
         18.12008249729210           0.00000089065493 
         18.21348498439155           0.00000080686931 
         18.30688747149099           0.00000079128134 
         18.40028995859043           0.00000080343001 
         18.49369244568988           0.00000077803195 
         18.58709493278932           0.00000079950788 
         18.68049741988877           0.00000075196948 
         18.77389990698821           0.00000077645089 
         18.86730239408766           0.00000076028069 
         18.96070488118710           0.00000070706030 
         19.05410736828654           0.00000072361052 
         19.14750985538598           0.00000069346382 
         19.24091234248543           0.00000071719672 
         19.33431482958487           0.00000070443879 
         19.42771731668432           0.00000067445197 
         19.52111980378376           0.00000067607706 
         19.61452229088321           0.00000066382901 
         19.70792477798265           0.00000063146584 
         19.80132726508209           0.00000065634441 
         19.89472975218154           0.00000063921660 
         19.98813223928098           0.00000062565011 
         20.08153472638042           0.00000064183946 
         20.17493721347987           0.00000059901419 
         20.26833970057931           0.00000061352745 
         20.36174218767875           0.00000061428142 
         20.45514467477820           0.00000058821048 
         20.54854716187764           0.00000059364638 
         20.64194964897709           0.00000057879432 
         20.73535213607653           0.00000056401486 
         20.82875462317598           0.00000057169753 
         20.92215711027542           0.00000055456366 
         21.01555959737486           0.00000055302368 
         21.10896208447431           0.00000054394390 
         21.20236457157375           0.00000054800743 
         21.29576705867319           0.00000053252950 
         21.38916954577264           0.00000050819151 
         21.48257203287208           0.00000055827904 
         21.57597451997153           0.00000053348379 
         21.66937700707097           0.00000051424638 
         21.76277949417041           0.00000051506753 
         21.85618198126986           0.00000050159977 
         21.94958446836930           0.00000051463221 
         22.04298695546875           0.00000050615969 
         22.13638944256819           0.00000048095460 
         22.22979192966763           0.00000050631796 
         22.32319441676707           0.00000046564022 
         22.41659690386652           0.00000049468590 
         22.50999939096597           0.00000046294616 
         22.60340187806541           0.00000046296458 
         22.69680436516485           0.00000046694110 
         22.79020685226429           0.00000045697156 
         22.88360933936374           0.00000047614172 
         22.97701182646318           0.00000044026313 
         23.07041431356263           0.00000045765042 
         23.16381680066207           0.00000045565963 
         23.25721928776151           0.00000044381752 
         23.35062177486096           0.00000044435746 
         23.44402426196040           0.00000042839207 
         23.53742674905985           0.00000043810213 
         23.63082923615929           0.00000042646525 
         23.72423172325873           0.00000042383346 
         23.81763421035818           0.00000041023367 
         23.91103669745762           0.00000042553415 
         24.00443918455706           0.00000041726201 
         24.09784167165651           0.00000040877804 
         24.19124415875595           0.00000041424922 
         24.28464664585540           0.00000040891843 
         24.37804913295484           0.00000040389584 
         24.47145162005429           0.00000040495447 
         24.56485410715373           0.00000039455409 
         24.65825659425317           0.00000040039229 
         24.75165908135262           0.00000038800822 
         24.84506156845206           0.00000038961460 
         24.93846405555150           0.00000038617199 
         25.03186654265095           0.00000037943019 
         25.12526902975039           0.00000038311391 
         25.21867151684984           0.00000038165257 
         25.31207400394928           0.00000037059133 
         25.40547649104872           0.00000037536035 
         25.49887897814817           0.00000038066894 
         25.59228146524761           0.00000038205262 
         25.68568395234706           0.00000035953798 
         25.77908643944650           0.00000037122694 
         25.87248892654594           0.00000035858344 
         25.96589141364538           0.00000036797394 
         26.05929390074483           0.00000036327403 
         26.15269638784427           0.00000035330973 
         26.24609887494372           0.00000036194002 
         26.33950136204316           0.00000035390098 
         26.43290384914261           0.00000035385502 
         26.52630633624205           0.00000034866778 
         26.61970882334149           0.00000035348887 
         26.71311131044094           0.00000035090676 
         26.80651379754038           0.00000033915293 
         26.89991628463982           0.00000034626167 
         26.99331877173927           0.00000034207969 
         27.08672125883871           0.00000033431610 
         27.18012374593815           0.00000035528874 
         27.27352623303760           0.00000032662094 
         27.36692872013704           0.00000033786213 
         27.46033120723649           0.00000033642890 
         27.55373369433593           0.00000033813966 
         27.64713618143538           0.00000032597851 
         27.74053866853482           0.00000032679982 
         27.83394115563426           0.00000033348753 
         27.92734364273371           0.00000033062397 
         28.02074612983315           0.00000032262489 
         28.11414861693259           0.00000032423012 
         28.20755110403204           0.00000031656713 
         28.30095359113148           0.00000032845348 
         28.39435607823092           0.00000032699653 
         28.48775856533037           0.00000031250540 
         28.58116105242981           0.00000032514131 
         28.67456353952926           0.00000031408406 
         28.76796602662870           0.00000032078290 
         28.86136851372815           0.00000030478385 
         28.95477100082759           0.00000031747776 
         29.04817348792703           0.00000030992708 
         29.14157597502647           0.00000031362984 
         29.23497846212592           0.00000031137606 
         29.32838094922536           0.00000029805583 
         29.42178343632481           0.00000030766467 
         29.51518592342425           0.00000031114690 
         29.60858841052369           0.00000030643406 
         29.70199089762314           0.00000030323098 
         29.79539338472258           0.00000030515399 
         29.88879587182203           0.00000030865225 
         29.98219835892147           0.00000030322503 
         30.07560084602091           0.00000029790585 
         30.16900333312036           0.00000029947467 
         30.26240582021980           0.00000030464686 
         30.35580830731924           0.00000029533597 
         30.44921079441869           0.00000029626583 
         30.54261328151813           0.00000029170304 
         30.63601576861758           0.00000029388624 
         30.72941825571702           0.00000029836750 
         30.82282074281646           0.00000029239212 
         30.91622322991591           0.00000029606884 
         31.00962571701535           0.00000029380248 
         31.10302820411480           0.00000028195539 
         31.19643069121424           0.00000029365020 
         31.28983317831368           0.00000028724277 
         31.38323566541313           0.00000029168501 
         31.47663815251257           0.00000029356433 
         31.57004063961202           0.00000027630100 
         31.66344312671146           0.00000028785457 
         31.75684561381090           0.00000027901807 
         31.85024810091034           0.00000028830196 
         31.94365058800979           0.00000028945458 
         32.03705307510924           0.00000027376470 
         32.13045556220868           0.00000028886154 
         32.22385804930813           0.00000027334595 
         32.31726053640757           0.00000028336791 
         32.41066302350701           0.00000027764528 
         32.50406551060645           0.00000027882580 
         32.59746799770590           0.00000028153016 
         32.69087048480534           0.00000027165794 
         32.78427297190478           0.00000027207278 
         32.87767545900422           0.00000027361331 
         32.97107794610367           0.00000027271173 
         33.06448043320312           0.00000027815488 
         33.15788292030256           0.00000026649040 
         33.25128540740201           0.00000027490979 
         33.34468789450145           0.00000026170057 
         33.43809038160089           0.00000027071445 
         33.53149286870033           0.00000027086170 
         33.62489535579978           0.00000026066365 
         33.71829784289922           0.00000027029029 
         33.81170032999867           0.00000026175194 
         33.90510281709811           0.00000026888111 
         33.99850530419756           0.00000025757207 
         34.09190779129700           0.00000026030929 
         34.18531027839644           0.00000025996101 
         34.27871276549589           0.00000026431940 
         34.37211525259533           0.00000025957578 
         34.46551773969478           0.00000025504987 
         34.55892022679421           0.00000025890630 
         34.65232271389366           0.00000025982179 
         34.74572520099310           0.00000025508145 
         34.83912768809255           0.00000025337981 
         34.93253017519200           0.00000024853630 
         35.02593266229144           0.00000025525416 
         35.11933514939089           0.00000025476103 
         35.21273763649032           0.00000024841455 
         35.30614012358977           0.00000025238406 
         35.39954261068921           0.00000024681953 
         35.49294509778866           0.00000025396422 
         35.58634758488810           0.00000024290476 
         35.67975007198754           0.00000024325975 
         35.77315255908699           0.00000024622644 
         35.86655504618643           0.00000024422692 
         35.95995753328588           0.00000024509527 
         36.05336002038532           0.00000023961684 
         36.14676250748477           0.00000024547171 
         36.24016499458421           0.00000024079911 
         36.33356748168365           0.00000023864065 
         36.42696996878309           0.00000024121146 
         36.52037245588254           0.00000023524903 
         36.61377494298198           0.00000024179326 
         36.70717743008143           0.00000023577891 
         36.80057991718087           0.00000023217992 
         36.89398240428032           0.00000023807074 
         36.98738489137976           0.00000023250807 
         37.08078737847920           0.00000023833196 
         37.17418986557865           0.00000022585715 
         37.26759235267809           0.00000023299139 
         37.36099483977753           0.00000023304992 
         37.45439732687697           0.00000022742165 
         37.54779981397642           0.00000023223702 
         37.64120230107587           0.00000022672822 
         37.73460478817531           0.00000023148911 
         37.82800727527475           0.00000022832779 
         37.92140976237420           0.00000022183639 
         38.01481224947364           0.00000022886795 
         38.10821473657308           0.00000022135757 
         38.20161722367253           0.00000022827046 
         38.29501971077197           0.00000022288130 
         38.38842219787141           0.00000021979073 
         38.48182468497086           0.00000022174152 
         38.57522717207031           0.00000022079456 
         38.66862965916975           0.00000022127389 
         38.76203214626919           0.00000021401521 
         38.85543463336864           0.00000022151165 
         38.94883712046808           0.00000022032467 
         39.04223960756752           0.00000021972631 
         39.13564209466696           0.00000021305991 
         39.22904458176641           0.00000021502178 
         39.32244706886585           0.00000021558731 
         39.41584955596530           0.00000021312247 
         39.50925204306474           0.00000021473274 
         39.60265453016419           0.00000021316815 
         39.69605701726363           0.00000021202650 
         39.78945950436307           0.00000021432912 
         39.88286199146252           0.00000020998900 
         39.97626447856196           0.00000021120354 
         40.06966696566141           0.00000021116855 
         40.16306945276084           0.00000021323478 
         40.25647193986029           0.00000021128844 
         40.34987442695974           0.00000020221435 
         40.44327691405918           0.00000021020689 
         40.53667940115862           0.00000020514610 
         40.63008188825807           0.00000020973582 
         40.72348437535751           0.00000020662203 
         40.81688686245695           0.00000020384378 
         40.91028934955640           0.00000020563521 
         41.00369183665584           0.00000020170226 
         41.09709432375529           0.00000020525029 
         41.19049681085473           0.00000020403776 
         41.28389929795418           0.00000020394458 
         41.37730178505362           0.00000020774299 
         41.47070427215306           0.00000019676130 
         41.56410675925250           0.00000020271130 
         41.65750924635195           0.00000019906872 
         41.75091173345139           0.00000020091265 
         41.84431422055084           0.00000020609728 
         41.93771670765028           0.00000019305754 
         42.03111919474972           0.00000019629168 
         42.12452168184917           0.00000019745195 
         42.21792416894861           0.00000019859219 
         42.31132665604806           0.00000019805720 
         42.40472914314750           0.00000019540773 
         42.49813163024695           0.00000019941943 
         42.59153411734638           0.00000019291837 
         42.68493660444583           0.00000019329029 
         42.77833909154527           0.00000019516842 
         42.87174157864472           0.00000019399894 
         42.96514406574416           0.00000019717011 
         43.05854655284361           0.00000019099176 
         43.15194903994306           0.00000019459632 
         43.24535152704249           0.00000019083881 
         43.33875401414194           0.00000019165284 
         43.43215650124138           0.00000019098460 
         43.52555898834083           0.00000018790758 
         43.61896147544027           0.00000019330339 
         43.71236396253971           0.00000018888846 
         43.80576644963915           0.00000018883058 
         43.89916893673860           0.00000018675662 
         43.99257142383805           0.00000018730025 
         44.08597391093749           0.00000019000338 
         44.17937639803694           0.00000018811979 
         44.27277888513638           0.00000018405828 
         44.36618137223582           0.00000018440527 
         44.45958385933526           0.00000018839133 
         44.55298634643471           0.00000018832473 
         44.64638883353415           0.00000018081102 
         44.73979132063359           0.00000018530169 
         44.83319380773304           0.00000018248766 
         44.92659629483249           0.00000018415498 
         45.01999878193193           0.00000018100478 
         45.11340126903137           0.00000018067606 
         45.20680375613082           0.00000018535016 
         45.30020624323026           0.00000017831593 
         45.39360873032970           0.00000018511982 
         45.48701121742914           0.00000017393529 
         45.58041370452859           0.00000017867488 
         45.67381619162803           0.00000018298711 
         45.76721867872748           0.00000017952226 
         45.86062116582693           0.00000017947124 
         45.95402365292637           0.00000017677375 
         46.04742614002581           0.00000017626865 
         46.14082862712525           0.00000017936348 
         46.23423111422470           0.00000017211670 
         46.32763360132414           0.00000017939314 
         46.42103608842358           0.00000017251955 
         46.51443857552302           0.00000017581798 
         46.60784106262248           0.00000017454230 
         46.70124354972192           0.00000017180679 
         46.79464603682136           0.00000017690928 
         46.88804852392081           0.00000017285749 
         46.98145101102025           0.00000017431854 
         47.07485349811969           0.00000016968048 
         47.16825598521913           0.00000016991907 
         47.26165847231858           0.00000017240764 
         47.35506095941802           0.00000016784825 
         47.44846344651747           0.00000017079528 
         47.54186593361691           0.00000016996444 
         47.63526842071636           0.00000017026651 
         47.72867090781580           0.00000016780560 
         47.82207339491524           0.00000016613329 
         47.91547588201469           0.00000016883049 
         48.00887836911413           0.00000016679442 
         48.10228085621358           0.00000016843032 
         48.19568334331301           0.00000016512135 
         48.28908583041246           0.00000016546451 
         48.38248831751190           0.00000016664065 
         48.47589080461135           0.00000016413276 
         48.56929329171079           0.00000016558601 
         48.66269577881024           0.00000016199410 
         48.75609826590968           0.00000016580033 
         48.84950075300912           0.00000016269739 
         48.94290324010857           0.00000016366690 
         49.03630572720801           0.00000016097666 
         49.12970821430746           0.00000016317119 
         49.22311070140690           0.00000016296025 
         49.31651318850634           0.00000016029860 
         49.40991567560579           0.00000016059366 
         49.50331816270523           0.00000015982520 
         49.59672064980467           0.00000015835656 
         49.69012313690412           0.00000016303714 
         49.78352562400356           0.00000015670584 
         49.87692811110301           0.00000015998936 
         49.97033059820245           0.00000015898390 
         50.06373308530189           0.00000015551286 
         50.15713557240134           0.00000016140573 
         50.25053805950078           0.00000015274843 
         50.34394054660023           0.00000015971597 
         50.43734303369967           0.00000015650526 
         50.53074552079912           0.00000015850948 
         50.62414800789856           0.00000015488223 
         50.71755049499800           0.00000015366259 
         50.81095298209745           0.00000015697150 
         50.90435546919689           0.00000015297374 
         50.99775795629633           0.00000015288249 
         51.09116044339577           0.00000015659612 
         51.18456293049523           0.00000015186141 
         51.27796541759467           0.00000015585174 
         51.37136790469411           0.00000015143736 
         51.46477039179355           0.00000015278510 
         51.55817287889300           0.00000015456806 
         51.65157536599244           0.00000015021748 
         51.74497785309188           0.00000015556489 
         51.83838034019133           0.00000014751268 
         51.93178282729077           0.00000015273710 
         52.02518531439021           0.00000015085648 
         52.11858780148966           0.00000015201797 
         52.21199028858911           0.00000015189130 
         52.30539277568855           0.00000014689703 
         52.39879526278799           0.00000015193155 
         52.49219774988743           0.00000014956575 
         52.58560023698688           0.00000014733650 
         52.67900272408632           0.00000015056149 
         52.77240521118576           0.00000014809287 
         52.86580769828521           0.00000014998458 
         52.95921018538466           0.00000014842781 
         53.05261267248410           0.00000014653732 
         53.14601515958354           0.00000014686092 
         53.23941764668299           0.00000014907908 
         53.33282013378243           0.00000014728822 
         53.42622262088187           0.00000014778426 
         53.51962510798131           0.00000014663619 
         53.61302759508076           0.00000014750685 
         53.70643008218020           0.00000014731869 
         53.79983256927964           0.00000014457733 
         53.89323505637910           0.00000014521431 
         53.98663754347854           0.00000014581069 
         54.08004003057798           0.00000014422874 
         54.17344251767742           0.00000014420314 
         54.26684500477687           0.00000014454752 
         54.36024749187631           0.00000014518454 
         54.45364997897575           0.00000014653904 
         54.54705246607519           0.00000014255528 
         54.64045495317464           0.00000014452225 
         54.73385744027409           0.00000014225720 
         54.82725992737353           0.00000014505971 
         54.92066241447298           0.00000014346990 
         55.01406490157242           0.00000014136174 
         55.10746738867186           0.00000014556329 
         55.20086987577130           0.00000014179079 
         55.29427236287075           0.00000014275524 
         55.38767484997019           0.00000013977374 
         55.48107733706964           0.00000014240926 
         55.57447982416908           0.00000014415334 
         55.66788231126853           0.00000014097072 
         55.76128479836797           0.00000013878313 
         55.85468728546741           0.00000014165490 
         55.94808977256686           0.00000014175840 
         56.04149225966630           0.00000014350368 
         56.13489474676575           0.00000013570804 
         56.22829723386519           0.00000014174319 
         56.32169972096463           0.00000014090222 
         56.41510220806407           0.00000013901625 
         56.50850469516352           0.00000014120435 
         56.60190718226296           0.00000013616469 
         56.69530966936241           0.00000013974808 
         56.78871215646185           0.00000014027829 
         56.88211464356130           0.00000014095823 
         56.97551713066074           0.00000013421821 
         57.06891961776018           0.00000013841479 
         57.16232210485963           0.00000013957476 
         57.25572459195907           0.00000013857855 
         57.34912707905851           0.00000013727609 
         57.44252956615796           0.00000013674661 
         57.53593205325741           0.00000013730569 
         57.62933454035684           0.00000013639431 
         57.72273702745629           0.00000013508543 
         57.81613951455574           0.00000013777690 
         57.90954200165518           0.00000013593245 
         58.00294448875462           0.00000013779017 
         58.09634697585406           0.00000013461210 
         58.18974946295351           0.00000013497834 
         58.28315195005295           0.00000013693551 
         58.37655443715240           0.00000013353090 
         58.46995692425184           0.00000013467261 
         58.56335941135129           0.00000013469103 
         58.65676189845073           0.00000013523097 
         58.75016438555017           0.00000013414454 
         58.84356687264962           0.00000013339265 
         58.93696935974906           0.00000013434835 
         59.03037184684850           0.00000013293941 
         59.12377433394794           0.00000013444146 
         59.21717682104739           0.00000013368610 
         59.31057930814684           0.00000013066434 
         59.40398179524628           0.00000013278171 
         59.49738428234572           0.00000013268308 
         59.59078676944517           0.00000013368161 
         59.68418925654461           0.00000013101062 
         59.77759174364405           0.00000013149793 
         59.87099423074350           0.00000013362547 
         59.96439671784294           0.00000012950243 
         60.05779920494238           0.00000013214890 
         60.15120169204182           0.00000012965540 
         60.24460417914128           0.00000013128898 
         60.33800666624072           0.00000013352060 
         60.43140915334016           0.00000012817286 
         60.52481164043960           0.00000012959191 
         60.61821412753905           0.00000012930233 
         60.71161661463849           0.00000012902983 
         60.80501910173793           0.00000013077466 
         60.89842158883737           0.00000012670160 
         60.99182407593683           0.00000013167046 
         61.08522656303627           0.00000012634184 
         61.17862905013571           0.00000013058675 
         61.27203153723515           0.00000012878173 
         61.36543402433460           0.00000012676057 
         61.45883651143404           0.00000013009289 
         61.55223899853348           0.00000012657647 
         61.64564148563292           0.00000012676091 
         61.73904397273238           0.00000012692255 
         61.83244645983181           0.00000012776254 
         61.92584894693125           0.00000012819428 
         62.01925143403071           0.00000012681185 
         62.11265392113015           0.00000012525673 
         62.20605640822959           0.00000012581781 
         62.29945889532903           0.00000012515933 
         62.39286138242849           0.00000012724602 
         62.48626386952792           0.00000012490094 
         62.57966635662736           0.00000012660869 
         62.67306884372680           0.00000012571715 
         62.76647133082626           0.00000012519664 
         62.85987381792570           0.00000012461147 
         62.95327630502514           0.00000012390478 
         63.04667879212460           0.00000012517983 
         63.14008127922403           0.00000012428593 
         63.23348376632347           0.00000012264237 
         63.32688625342291           0.00000012333694 
         63.42028874052237           0.00000012402058 
         63.51369122762181           0.00000012362062 
         63.60709371472125           0.00000012608232 
         63.70049620182068           0.00000012092513 
         63.79389868892014           0.00000012254602 
         63.88730117601958           0.00000012330962 
         63.98070366311902           0.00000012196188 
         64.07410615021847           0.00000012241165 
         64.16750863731791           0.00000012331367 
         64.26091112441736           0.00000012150032 
         64.35431361151680           0.00000012259765 
         64.44771609861625           0.00000011937793 
         64.54111858571569           0.00000012141248 
         64.63452107281513           0.00000012130849 
         64.72792355991457           0.00000011965626 
         64.82132604701403           0.00000012314440 
         64.91472853411347           0.00000011981389 
         65.00813102121290           0.00000012111498 
         65.10153350831236           0.00000011973788 
         65.19493599541180           0.00000011922239 
         65.28833848251124           0.00000012081329 
         65.38174096961068           0.00000011897895 
         65.47514345671013           0.00000012018208 
         65.56854594380957           0.00000011925188 
         65.66194843090901           0.00000011732378 
         65.75535091800845           0.00000012003940 
         65.84875340510790           0.00000011814334 
         65.94215589220734           0.00000011968953 
         66.03555837930679           0.00000011578120 
         66.12896086640625           0.00000011743210 
         66.22236335350569           0.00000011893335 
         66.31576584060512           0.00000011785751 
         66.40916832770456           0.00000011746870 
         66.50257081480402           0.00000011671917 
         66.59597330190346           0.00000011778045 
         66.68937578900290           0.00000011755462 
         66.78277827610235           0.00000011518782 
         66.87618076320179           0.00000011777665 
         66.96958325030123           0.00000011471933 
         67.06298573740067           0.00000011758907 
         67.15638822450012           0.00000011603228 
         67.24979071159956           0.00000011495438 
         67.34319319869900           0.00000011539727 
         67.43659568579844           0.00000011555014 
         67.52999817289789           0.00000011598921 
         67.62340065999733           0.00000011271776 
         67.71680314709677           0.00000011522284 
         67.81020563419622           0.00000011458048 
         67.90360812129568           0.00000011462853 
         67.99701060839512           0.00000011376495 
         68.09041309549455           0.00000011253522 
         68.18381558259401           0.00000011471563 
         68.27721806969345           0.00000011417023 
         68.37062055679289           0.00000011335472 
         68.46402304389233           0.00000011216807 
         68.55742553099178           0.00000011233367 
         68.65082801809122           0.00000011416941 
         68.74423050519066           0.00000011298385 
         68.83763299229011           0.00000011153892 
         68.93103547938955           0.00000011211497 
         69.02443796648899           0.00000011112987 
         69.11784045358843           0.00000011334993 
         69.21124294068788           0.00000010976627 
         69.30464542778732           0.00000011226624 
         69.39804791488676           0.00000011079955 
         69.49145040198620           0.00000011231249 
         69.58485288908565           0.00000011151029 
         69.67825537618511           0.00000010905283 
         69.77165786328455           0.00000011081364 
         69.86506035038400           0.00000011002805 
         69.95846283748344           0.00000010914309 
         70.05186532458288           0.00000011021397 
         70.14526781168232           0.00000010980250 
         70.23867029878177           0.00000011079696 
         70.33207278588121           0.00000010957449 
         70.42547527298065           0.00000010814223 
         70.51887776008009           0.00000010925764 
         70.61228024717954           0.00000010903240 
         70.70568273427898           0.00000010992978 
         70.79908522137842           0.00000010546872 
         70.89248770847787           0.00000010903860 
         70.98589019557731           0.00000010788882 
         71.07929268267675           0.00000010752793 
         71.17269516977619           0.00000010838091 
         71.26609765687564           0.00000010732215 
         71.35950014397508           0.00000010754580 
         71.45290263107452           0.00000010669919 
         71.54630511817398           0.00000010668803 
         71.63970760527343           0.00000010736313 
         71.73311009237287           0.00000010744508 
         71.82651257947231           0.00000010779580 
         71.91991506657176           0.00000010622611 
         72.01331755367120           0.00000010409479 
         72.10672004077064           0.00000010568626 
         72.20012252787008           0.00000010644317 
         72.29352501496953           0.00000010651461 
         72.38692750206897           0.00000010497935 
         72.48032998916841           0.00000010426999 
         72.57373247626785           0.00000010523289 
         72.66713496336730           0.00000010629771 
         72.76053745046674           0.00000010323330 
         72.85393993756618           0.00000010559587 
         72.94734242466564           0.00000010483814 
         73.04074491176507           0.00000010380504 
         73.13414739886451           0.00000010377564 
         73.22754988596395           0.00000010368326 
         73.32095237306341           0.00000010450220 
         73.41435486016286           0.00000010429640 
         73.50775734726230           0.00000010308167 
         73.60115983436174           0.00000010216877 
         73.69456232146119           0.00000010146185 
         73.78796480856063           0.00000010445586 
         73.88136729566007           0.00000010291485 
         73.97476978275952           0.00000010148660 
         74.06817226985896           0.00000010374572 
         74.16157475695840           0.00000010115936 
         74.25497724405784           0.00000010352418 
         74.34837973115729           0.00000009976449 
         74.44178221825673           0.00000010148116 
         74.53518470535617           0.00000010336081 
         74.62858719245561           0.00000009958209 
         74.72198967955507           0.00000010196788 
         74.81539216665451           0.00000009981394 
         74.90879465375394           0.00000010063566 
         75.00219714085340           0.00000010157965 
         75.09559962795284           0.00000009920437 
         75.18900211505229           0.00000010080280 
         75.28240460215173           0.00000010003799 
         75.37580708925118           0.00000009964562 
         75.46920957635062           0.00000010007088 
         75.56261206345006           0.00000009820021 
         75.65601455054950           0.00000010074364 
         75.74941703764895           0.00000009817365 
         75.84281952474839           0.00000009990203 
         75.93622201184783           0.00000009740805 
         76.02962449894729           0.00000009818994 
         76.12302698604673           0.00000009968182 
         76.21642947314616           0.00000009784907 
         76.30983196024560           0.00000009841996 
         76.40323444734506           0.00000009628499 
         76.49663693444450           0.00000009865847 
         76.59003942154394           0.00000009734116 
         76.68344190864337           0.00000009636804 
         76.77684439574283           0.00000009711269 
         76.87024688284227           0.00000009699426 
         76.96364936994172           0.00000009738739 
         77.05705185704117           0.00000009610605 
         77.15045434414061           0.00000009582993 
         77.24385683124005           0.00000009807632 
         77.33725931833949           0.00000009535772 
         77.43066180543895           0.00000009593386 
         77.52406429253838           0.00000009424624 
         77.61746677963782           0.00000009567114 
         77.71086926673728           0.00000009579340 
         77.80427175383672           0.00000009491542 
         77.89767424093616           0.00000009489447 
         77.99107672803559           0.00000009452208 
         78.08447921513505           0.00000009482458 
         78.17788170223449           0.00000009505978 
         78.27128418933393           0.00000009290639 
         78.36468667643337           0.00000009439966 
         78.45808916353282           0.00000009339340 
         78.55149165063226           0.00000009433003 
         78.64489413773170           0.00000009328483 
         78.73829662483115           0.00000009244450 
         78.83169911193060           0.00000009386616 
         78.92510159903004           0.00000009234696 
         79.01850408612948           0.00000009391791 
         79.11190657322894           0.00000009099815 
         79.20530906032838           0.00000009245493 
         79.29871154742781           0.00000009335572 
         79.39211403452725           0.00000009199083 
         79.48551652162671           0.00000009211261 
         79.57891900872615           0.00000009069020 
         79.67232149582559           0.00000009151265 
         79.76572398292504           0.00000009191277 
         79.85912647002448           0.00000009117051 
         79.95252895712392           0.00000009175043 
         80.04593144422336           0.00000008983533 
         80.13933393132281           0.00000009118921 
         80.23273641842225           0.00000009034657 
         80.32613890552169           0.00000008983260 
         80.41954139262113           0.00000009050395 
         80.51294387972058           0.00000008974885 
         80.60634636682003           0.00000009128876 
         80.69974885391947           0.00000008833203 
         80.79315134101893           0.00000008941227 
         80.88655382811837           0.00000008972820 
         80.97995631521781           0.00000008960957 
         81.07335880231724           0.00000008871043 
         81.16676128941670           0.00000008779873 
         81.26016377651614           0.00000008876089 
         81.35356626361558           0.00000008785563 
         81.44696875071502           0.00000008831443 
         81.54037123781447           0.00000008864196 
         81.63377372491391           0.00000008858951 
         81.72717621201335           0.00000008807817 
         81.82057869911280           0.00000008680165 
         81.91398118621224           0.00000008750743 
         82.00738367331168           0.00000008673934 
         82.10078616041112           0.00000008805476 
         82.19418864751057           0.00000008846110 
         82.28759113461001           0.00000008487498 
         82.38099362170946           0.00000008686999 
         82.47439610880890           0.00000008591867 
         82.56779859590836           0.00000008744317 
         82.66120108300780           0.00000008601031 
         82.75460357010724           0.00000008448330 
         82.84800605720669           0.00000008707465 
         82.94140854430613           0.00000008464558 
         83.03481103140557           0.00000008517331 
         83.12821351850501           0.00000008496370 
         83.22161600560446           0.00000008540685 
         83.31501849270390           0.00000008742630 
         83.40842097980334           0.00000008240661 
         83.50182346690278           0.00000008523657 
         83.59522595400223           0.00000008437546 
         83.68862844110167           0.00000008428212 
         83.78203092820111           0.00000008602122 
         83.87543341530056           0.00000008174264 
         83.96883590240000           0.00000008515074 
         84.06223838949944           0.00000008283416 
         84.15564087659890           0.00000008344982 
         84.24904336369835           0.00000008344637 
         84.34244585079779           0.00000008239712 
         84.43584833789723           0.00000008430106 
         84.52925082499667           0.00000008300870 
         84.62265331209612           0.00000008122273 
         84.71605579919556           0.00000008309018 
         84.80945828629500           0.00000008226768 
         84.90286077339445           0.00000008339206 
         84.99626326049389           0.00000008184158 
         85.08966574759333           0.00000008139839 
         85.18306823469277           0.00000008174624 
         85.27647072179222           0.00000008170040 
         85.36987320889166           0.00000008255295 
         85.46327569599110           0.00000007962579 
         85.55667818309054           0.00000008256542 
         85.65008067018999           0.00000008110081 
         85.74348315728943           0.00000008064049 
         85.83688564438887           0.00000007944775 
         85.93028813148833           0.00000008106419 
         86.02369061858778           0.00000008102691 
         86.11709310568722           0.00000008050497 
         86.21049559278666           0.00000008035055 
         86.30389807988611           0.00000007946345 
         86.39730056698555           0.00000008004598 
         86.49070305408499           0.00000007958953 
         86.58410554118443           0.00000007998689 
         86.67750802828388           0.00000007956173 
         86.77091051538332           0.00000007856238 
         86.86431300248276           0.00000007984074 
         86.95771548958221           0.00000007867449 
         87.05111797668165           0.00000007872122 
         87.14452046378109           0.00000007927316 
         87.23792295088053           0.00000007837716 
         87.33132543797998           0.00000007947963 
         87.42472792507942           0.00000007743609 
         87.51813041217886           0.00000007855227 
         87.61153289927830           0.00000007888462 
         87.70493538637776           0.00000007731085 
         87.79833787347721           0.00000007842947 
         87.89174036057665           0.00000007742817 
         87.98514284767610           0.00000007807604 
         88.07854533477554           0.00000007699540 
         88.17194782187498           0.00000007688412 
         88.26535030897442           0.00000007775499 
         88.35875279607387           0.00000007725198 
         88.45215528317331           0.00000007813065 
         88.54555777027275           0.00000007673792 
         88.63896025737219           0.00000007572979 
         88.73236274447164           0.00000007711613 
         88.82576523157108           0.00000007644265 
         88.91916771867052           0.00000007765287 
         89.01257020576998           0.00000007551203 
         89.10597269286942           0.00000007635401 
         89.19937517996885           0.00000007708650 
         89.29277766706829           0.00000007551783 
         89.38618015416775           0.00000007604127 
         89.47958264126719           0.00000007530333 
         89.57298512836664           0.00000007624360 
         89.66638761546608           0.00000007645605 
         89.75979010256553           0.00000007387174 
         89.85319258966497           0.00000007584848 
         89.94659507676441           0.00000007518484 
         90.03999756386386           0.00000007608704 
         90.13340005096330           0.00000007461890 
         90.22680253806274           0.00000007458497 
         90.32020502516218           0.00000007527802 
         90.41360751226164           0.00000007414517 
         90.50700999936107           0.00000007584484 
         90.60041248646051           0.00000007373511 
         90.69381497355997           0.00000007420775 
         90.78721746065941           0.00000007485013 
         90.88061994775885           0.00000007477740 
         90.97402243485828           0.00000007354890 
         91.06742492195774           0.00000007369546 
         91.16082740905718           0.00000007445351 
         91.25422989615662           0.00000007430814 
         91.34763238325606           0.00000007386027 
         91.44103487035552           0.00000007318721 
         91.53443735745496           0.00000007351504 
         91.62783984455440           0.00000007414917 
         91.72124233165386           0.00000007240331 
         91.81464481875329           0.00000007369534 
         91.90804730585273           0.00000007344290 
         92.00144979295217           0.00000007331007 
         92.09485228005163           0.00000007379987 
         92.18825476715107           0.00000007132101 
         92.28165725425050           0.00000007372207 
         92.37505974134994           0.00000007239926 
         92.46846222844940           0.00000007345888 
         92.56186471554884           0.00000007223522 
         92.65526720264828           0.00000007182441 
         92.74866968974773           0.00000007265080 
         92.84207217684717           0.00000007191978 
         92.93547466394661           0.00000007250594 
         93.02887715104605           0.00000007294553 
         93.12227963814550           0.00000007142131 
         93.21568212524495           0.00000007269036 
         93.30908461234439           0.00000007074629 
         93.40248709944383           0.00000007159328 
         93.49588958654329           0.00000007230743 
         93.58929207364272           0.00000007111193 
         93.68269456074216           0.00000007240718 
