          0.09438463733182       42343.29751360491400 
          0.18876927466365         229.30214173592799 
          0.28315391199547          33.93855441107681 
          0.37753854932730           7.84176472166580 
          0.47192318665912           2.04421484897966 
          0.56630782399095           1.08127422170565 
          0.66069246132277           0.93185379458468 
          0.75507709865460           0.44457896113482 
          0.84946173598642           0.26435989584087 
          0.94384637331825           0.19734527509985 
          1.03823101065007           0.10746053167142 
          1.13261564798190           0.06985536752677 
          1.22700028531372           0.09108450638051 
          1.32138492264555           0.04338907749278 
          1.41576955997737           0.07323546605649 
          1.51015419730920           0.03300754331827 
          1.60453883464102           0.02970101268007 
          1.69892347197285           0.01817126740833 
          1.79330810930467           0.01319426121785 
          1.88769274663650           0.01415377529557 
          1.98207738396832           0.00996918907920 
          2.07646202130015           0.01070551617472 
          2.17084665863197           0.01034449514975 
          2.26523129596380           0.00841514449509 
          2.35961593329562           0.00958152690651 
          2.45400057062745           0.00840581452886 
          2.54838520795927           0.00694262727577 
          2.64276984529110           0.00379769918119 
          2.73715448262292           0.00405950313371 
          2.83153911995475           0.00297640350422 
          2.92592375728657           0.00326961385668 
          3.02030839461840           0.00238354968371 
          3.11469303195022           0.00282976161005 
          3.20907766928205           0.00216109111068 
          3.30346230661387           0.00242302436915 
          3.39784694394570           0.00218796970051 
          3.49223158127752           0.00159235787004 
          3.58661621860935           0.00137878526304 
          3.68100085594117           0.00155455661440 
          3.77538549327300           0.00139626228231 
          3.86977013060482           0.00111648520267 
          3.96415476793665           0.00115550546236 
          4.05853940526847           0.00101176255704 
          4.15292404260030           0.00085976830619 
          4.24730867993212           0.00084523003380 
          4.34169331726395           0.00079765988957 
          4.43607795459577           0.00064679842209 
          4.53046259192760           0.00057330825672 
          4.62484722925942           0.00056894947636 
          4.71923186659125           0.00074043955121 
          4.81361650392307           0.00052744422151 
          4.90800114125490           0.00052056541848 
          5.00238577858672           0.00041943218048 
          5.09677041591855           0.00044534771905 
          5.19115505325037           0.00039884104488 
          5.28553969058220           0.00037262122387 
          5.37992432791402           0.00029864976198 
          5.47430896524585           0.00028325188437 
          5.56869360257767           0.00028196707561 
          5.66307823990950           0.00025063002119 
          5.75746287724132           0.00022214605499 
          5.85184751457315           0.00027481523875 
          5.94623215190497           0.00023107245334 
          6.04061678923680           0.00028941666816 
          6.13500142656862           0.00023406429454 
