          0.02410305856675      179874.23911039959000 
          0.04820611713349       23171.76332656678600 
          0.07230917570024        9526.89151736808710 
          0.09641223426699        2160.72007188270530 
          0.12051529283373         588.60467662349959 
          0.14461835140048         101.71803175924191 
          0.16872140996723          87.71196083535749 
          0.19282446853398          45.61638987577106 
          0.21692752710072          44.83891385522942 
          0.24103058566747          18.13548343755619 
          0.26513364423422          16.29099319309739 
          0.28923670280096          14.31350895712977 
          0.31333976136771           9.43385464422127 
          0.33744281993446           4.37512476595727 
          0.36154587850120           5.56177942693224 
          0.38564893706795           4.66337319807342 
          0.40975199563470           2.54016300908912 
          0.43385505420144           2.49100960078321 
          0.45795811276819           2.32058092856418 
          0.48206117133494           1.52791990891414 
          0.50616422990169           1.75850031976685 
          0.53026728846843           1.26936158038868 
          0.55437034703518           0.87180568305118 
          0.57847340560193           1.08730800343894 
          0.60257646416867           0.94049470416793 
          0.62667952273542           0.79652917175904 
          0.65078258130217           0.54619000111308 
          0.67488563986891           0.57736175517600 
          0.69898869843566           0.51189853819653 
          0.72309175700241           0.49108789033981 
          0.74719481556915           0.35655229463832 
          0.77129787413590           0.36720924795358 
          0.79540093270265           0.34409839423457 
          0.81950399126940           0.32171412418273 
          0.84360704983614           0.29761927768701 
          0.86771010840289           0.25546133342930 
          0.89181316696964           0.26096532630942 
          0.91591622553638           0.22430393577864 
          0.94001928410313           0.21755305958054 
          0.96412234266988           0.19926316584615 
          0.98822540123662           0.16849033600506 
          1.01232845980337           0.18156536528738 
          1.03643151837012           0.16577697543165 
          1.06053457693686           0.13502782904456 
          1.08463763550361           0.12990585919988 
          1.10874069407036           0.12405220922521 
          1.13284375263711           0.10251616365936 
          1.15694681120385           0.11392321852019 
          1.18104986977060           0.11948903225378 
          1.20515292833735           0.09864293180236 
          1.22925598690409           0.09711730103423 
          1.25335904547084           0.09051241222006 
          1.27746210403759           0.08811322834531 
          1.30156516260433           0.08386243355444 
          1.32566822117108           0.07743330487508 
          1.34977127973783           0.07588830550824 
          1.37387433830457           0.06895982784972 
          1.39797739687132           0.06590559829113 
          1.42208045543807           0.06603170785692 
          1.44618351400481           0.06020973064074 
          1.47028657257156           0.06239283846466 
          1.49438963113831           0.05589609569058 
          1.51849268970506           0.05679288551240 
          1.54259574827180           0.05639304028316 
          1.56669880683855           0.04611902095593 
          1.59080186540530           0.04875059668621 
          1.61490492397204           0.05061372444565 
          1.63900798253879           0.04266037570600 
          1.66311104110554           0.03982237725837 
          1.68721409967228           0.03719869892860 
          1.71131715823903           0.04169042286151 
          1.73542021680578           0.03287399600821 
          1.75952327537252           0.03669344691982 
          1.78362633393927           0.03144562114718 
          1.80772939250602           0.03488158850869 
          1.83183245107277           0.03236160602793 
          1.85593550963951           0.03212549497758 
          1.88003856820626           0.03323775767607 
          1.90414162677301           0.03438189880277 
          1.92824468533975           0.02819267796954 
          1.95234774390650           0.03092200007860 
          1.97645080247325           0.02652735349902 
          2.00055386103999           0.02752957742659 
          2.02465691960674           0.02434543315023 
          2.04875997817349           0.02444954841013 
          2.07286303674023           0.02495281893596 
          2.09696609530698           0.02322344445461 
          2.12106915387373           0.02440212573195 
          2.14517221244048           0.02181071922836 
          2.16927527100722           0.02336331470045 
          2.19337832957397           0.02225941725480 
          2.21748138814072           0.02224537339268 
          2.24158444670746           0.02105471673421 
          2.26568750527421           0.02074060166866 
          2.28979056384096           0.02149925514398 
          2.31389362240770           0.02123476740315 
          2.33799668097445           0.01877513089002 
          2.36209973954120           0.01900741443346 
          2.38620279810795           0.01816290295453 
          2.41030585667469           0.01917560128893 
          2.43440891524144           0.01696294593385 
          2.45851197380819           0.01875064449192 
          2.48261503237493           0.01748706362559 
          2.50671809094168           0.01635294789650 
          2.53082114950843           0.01759508711817 
          2.55492420807517           0.01621594134073 
          2.57902726664192           0.01724769588250 
          2.60313032520867           0.01642940367801 
          2.62723338377541           0.01595224449678 
          2.65133644234216           0.01564931209964 
          2.67543950090891           0.01560759105495 
          2.69954255947565           0.01577913001482 
          2.72364561804240           0.01429177621097 
          2.74774867660915           0.01408955186835 
          2.77185173517590           0.01403336017052 
          2.79595479374264           0.01421900767688 
          2.82005785230939           0.01424794028661 
          2.84416091087614           0.01416174653716 
          2.86826396944288           0.01388680259711 
          2.89236702800963           0.01430207000490 
          2.91647008657638           0.01510739562684 
          2.94057314514312           0.01279650053297 
          2.96467620370987           0.01348040385343 
          2.98877926227662           0.01373605252592 
          3.01288232084336           0.01273600271980 
          3.03698537941011           0.01346765870426 
          3.06108843797686           0.01291019845117 
          3.08519149654361           0.01231133096651 
          3.10929455511035           0.01254750461732 
