          0.02547099605635      199232.36120922124000 
          0.05094199211269      204099.45561865624000 
          0.07641298816904       18220.30546812674900 
          0.10188398422539       13958.18332382087300 
          0.12735498028173        1969.14524152624880 
          0.15282597633808         854.21308914675114 
          0.17829697239443         327.85332760126829 
          0.20376796845077         130.13935450460667 
          0.22923896450712         142.99561195566494 
          0.25470996056347          26.76931174845146 
          0.28018095661981          32.63905487879379 
          0.30565195267616          15.14178742218879 
          0.33112294873251           6.13359187500149 
          0.35659394478885           7.21509299079524 
          0.38206494084520           7.82444987114169 
          0.40753593690155           4.43442019996910 
          0.43300693295789           2.47520580188542 
          0.45847792901424           2.54842556897716 
          0.48394892507059           1.85093430212143 
          0.50941992112693           1.39172856715821 
          0.53489091718328           1.10446879624603 
          0.56036191323963           0.94022392864606 
          0.58583290929597           0.92409319960630 
          0.61130390535232           0.83657136187019 
          0.63677490140867           0.73162279421540 
          0.66224589746501           0.45330742174883 
          0.68771689352136           0.62722943613504 
          0.71318788957771           0.37732939484152 
          0.73865888563405           0.46966300108332 
          0.76412988169040           0.43004662457211 
          0.78960087774675           0.31567298291180 
          0.81507187380309           0.26179128781246 
          0.84054286985944           0.28189567545205 
          0.86601386591579           0.21236677291066 
          0.89148486197213           0.23717565671136 
          0.91695585802848           0.19433169200219 
          0.94242685408483           0.20664710770728 
          0.96789785014117           0.17566949362125 
          0.99336884619752           0.17025384738918 
          1.01883984225387           0.16233135245502 
          1.04431083831021           0.15149554102094 
          1.06978183436656           0.14436522020037 
          1.09525283042291           0.12383994995869 
          1.12072382647925           0.10280615666311 
          1.14619482253560           0.12681402405614 
          1.17166581859194           0.09003807464815 
          1.19713681464829           0.09513710466953 
          1.22260781070464           0.08946647598088 
          1.24807880676098           0.08414340148939 
          1.27354980281733           0.07055986467161 
          1.29902079887368           0.07210947102189 
          1.32449179493002           0.07596017913397 
          1.34996279098637           0.07209969116765 
          1.37543378704272           0.05873086514431 
          1.40090478309906           0.06077958034223 
          1.42637577915541           0.05808151348673 
          1.45184677521176           0.04069939907216 
          1.47731777126810           0.05793666972035 
          1.50278876732445           0.05061718424652 
          1.52825976338080           0.04982694121750 
          1.55373075943714           0.04791341007319 
          1.57920175549349           0.03949781021656 
          1.60467275154984           0.03877389087615 
          1.63014374760618           0.03932310719175 
          1.65561474366253           0.03641958484894 
          1.68108573971888           0.03770457525727 
          1.70655673577522           0.03092269880181 
          1.73202773183157           0.03146979182358 
          1.75749872788792           0.03005342709804 
          1.78296972394426           0.02984631696226 
          1.80844072000061           0.03297592551447 
          1.83391171605696           0.03187158983140 
          1.85938271211330           0.02774811943155 
          1.88485370816965           0.02975099070543 
          1.91032470422600           0.02539292654258 
          1.93579570028234           0.02502396307830 
          1.96126669633869           0.02527584345362 
          1.98673769239504           0.02646300137195 
          2.01220868845138           0.02199559890885 
          2.03767968450773           0.02499784037897 
          2.06315068056408           0.02081076268211 
          2.08862167662042           0.01932696877476 
          2.11409267267677           0.01800573098608 
          2.13956366873312           0.02000226854302 
          2.16503466478946           0.01789404401369 
          2.19050566084581           0.01925147673787 
          2.21597665690216           0.01802186062379 
          2.24144765295850           0.01898393145084 
          2.26691864901485           0.01982283849074 
          2.29238964507120           0.01642975526509 
          2.31786064112754           0.01590108483854 
          2.34333163718389           0.01733369444343 
          2.36880263324024           0.01764144962489 
          2.39427362929658           0.01500356145829 
          2.41974462535293           0.01728176413778 
          2.44521562140928           0.01640647627519 
          2.47068661746562           0.01400020933390 
          2.49615761352197           0.01469491472673 
          2.52162860957832           0.01421412035410 
          2.54709960563466           0.01536446880012 
          2.57257060169101           0.01425752781399 
          2.59804159774736           0.01376962429999 
          2.62351259380370           0.01250515133231 
          2.64898358986005           0.01322485724310 
          2.67445458591640           0.01320664530983 
          2.69992558197274           0.01298485548411 
          2.72539657802909           0.01323682409309 
          2.75086757408544           0.01190780460435 
          2.77633857014178           0.01203717038490 
          2.80180956619813           0.01254320769208 
          2.82728056225448           0.01210741112981 
          2.85275155831082           0.01169338559867 
          2.87822255436717           0.01311015779927 
          2.90369355042352           0.01116531669759 
          2.92916454647986           0.01174802377006 
          2.95463554253621           0.01078655900797 
          2.98010653859256           0.01063624588357 
          3.00557753464890           0.01116592604792 
          3.03104853070525           0.01078344104181 
          3.05651952676160           0.01046459824517 
          3.08199052281794           0.01033790715459 
          3.10746151887429           0.01154496369360 
