          0.02518512629140      573687.42714679707000 
          0.05037025258281      171933.30066465400000 
          0.07555537887421       15062.44190529858100 
          0.10074050516562        2068.23599114964830 
          0.12592563145702        1903.08924786181660 
          0.15111075774843         677.55849957107091 
          0.17629588403983         295.20351258300400 
          0.20148101033124         124.33056350815302 
          0.22666613662264          47.83925891278830 
          0.25185126291404          29.28240225007057 
          0.27703638920545          13.84680091690970 
          0.30222151549685          12.25143981101041 
          0.32740664178826           6.64570475055069 
          0.35259176807966           6.57911379628314 
          0.37777689437107           2.64010489297805 
          0.40296202066247           3.05711220150241 
          0.42814714695388           1.80753524576725 
          0.45333227324528           1.73804065282333 
          0.47851739953668           1.25883157230656 
          0.50370252582809           0.72775208749293 
          0.52888765211949           0.94650760988880 
          0.55407277841090           0.63433527066164 
          0.57925790470230           0.66054756090274 
          0.60444303099371           0.63126314503660 
          0.62962815728511           0.51747859445315 
          0.65481328357652           0.39292788671086 
          0.67999840986792           0.23721136496603 
          0.70518353615933           0.24264163071417 
          0.73036866245073           0.30922299480178 
          0.75555378874213           0.29359694002241 
          0.78073891503354           0.20514836010165 
          0.80592404132494           0.17505879205147 
          0.83110916761635           0.16212388475075 
          0.85629429390775           0.14163863668643 
          0.88147942019916           0.15023168293828 
          0.90666454649056           0.12340713461440 
          0.93184967278197           0.10711899427478 
          0.95703479907337           0.09354458034508 
          0.98221992536477           0.08792580548004 
          1.00740505165618           0.09483285315915 
          1.03259017794758           0.06550258617230 
          1.05777530423899           0.07220163058192 
          1.08296043053039           0.06333151945507 
          1.10814555682180           0.05537442635506 
          1.13333068311320           0.05847946814047 
          1.15851580940461           0.05803540738596 
          1.18370093569601           0.05779319274176 
          1.20888606198741           0.04831572726264 
          1.23407118827882           0.04935114227661 
          1.25925631457022           0.03511887713168 
          1.28444144086163           0.03577775382274 
          1.30962656715303           0.03776148885136 
          1.33481169344444           0.03446007660146 
          1.35999681973584           0.03888745850424 
          1.38518194602725           0.03137368573613 
          1.41036707231865           0.02933305338475 
          1.43555219861005           0.03114628036505 
          1.46073732490146           0.02248340512559 
          1.48592245119286           0.02551122617427 
          1.51110757748427           0.02213896766059 
          1.53629270377567           0.02329441160625 
          1.56147783006708           0.02380800484185 
          1.58666295635848           0.02203088953583 
          1.61184808264989           0.02221196550447 
          1.63703320894129           0.02000118443092 
          1.66221833523269           0.01948292920144 
          1.68740346152410           0.01795089832963 
          1.71258858781550           0.01891246297795 
          1.73777371410691           0.01575341162657 
          1.76295884039831           0.01629188563032 
          1.78814396668972           0.01462582569157 
          1.81332909298112           0.01421398301135 
          1.83851421927253           0.01455282594720 
          1.86369934556393           0.01482653247896 
          1.88888447185533           0.01261608963358 
          1.91406959814674           0.01396755256341 
          1.93925472443814           0.01222206844184 
          1.96443985072955           0.01306437285717 
          1.98962497702095           0.01344893478879 
          2.01481010331236           0.01239974984203 
          2.03999522960376           0.01096478903612 
          2.06518035589517           0.01039152762747 
          2.09036548218657           0.01144951764068 
          2.11555060847797           0.01104453214133 
          2.14073573476938           0.00983972541542 
          2.16592086106078           0.00986668315764 
          2.19110598735219           0.00913016410206 
          2.21629111364359           0.00970705458245 
          2.24147623993500           0.00899239942158 
          2.26666136622640           0.00776981741608 
          2.29184649251781           0.00894231729129 
          2.31703161880921           0.00875348424851 
          2.34221674510062           0.00911110038340 
          2.36740187139202           0.00785664233242 
          2.39258699768342           0.00786069573605 
          2.41777212397483           0.00764403554193 
          2.44295725026623           0.00728336475908 
          2.46814237655764           0.00786279313240 
          2.49332750284904           0.00765527790030 
          2.51851262914045           0.00804126207976 
          2.54369775543185           0.00758532947297 
          2.56888288172326           0.00620677949900 
          2.59406800801466           0.00711627920092 
          2.61925313430606           0.00679091461663 
          2.64443826059747           0.00673621921704 
          2.66962338688887           0.00626729216398 
          2.69480851318028           0.00661246638565 
          2.71999363947168           0.00631039123636 
          2.74517876576309           0.00622139652527 
          2.77036389205449           0.00639682858455 
          2.79554901834590           0.00633257132598 
          2.82073414463730           0.00602237462049 
          2.84591927092870           0.00573506740430 
          2.87110439722011           0.00566285265675 
          2.89628952351151           0.00624605118599 
          2.92147464980292           0.00546415312056 
          2.94665977609432           0.00526365976325 
          2.97184490238573           0.00585446485484 
          2.99703002867713           0.00592405435380 
          3.02221515496854           0.00528681385180 
          3.04740028125994           0.00545968645346 
          3.07258540755134           0.00544191611554 
          3.09777053384275           0.00534475238807 
