          0.02241752999565         575.41712368526419 
          0.04483505999129         135.84151925348826 
          0.06725258998694         156.17796640464917 
          0.08967011998258          79.92293377100693 
          0.11208764997823          70.79080343282462 
          0.13450517997387          31.09043115858961 
          0.15692270996952          20.56448400411607 
          0.17934023996517          14.87488962355320 
          0.20175776996081           7.56241182138763 
          0.22417529995646           7.06768754249400 
          0.24659282995210           5.55748387492286 
          0.26901035994775           4.32957640818482 
          0.29142788994339           3.88926394333254 
          0.31384541993904           2.41270205128037 
          0.33626294993469           1.84042443772148 
          0.35868047993033           1.52817152007743 
          0.38109800992598           1.07997724186818 
          0.40351553992162           0.82164147868953 
          0.42593306991727           0.91313619729367 
          0.44835059991291           0.87815018292048 
          0.47076812990856           0.56941880366417 
          0.49318565990421           0.52509689090897 
          0.51560318989985           0.44330871735950 
          0.53802071989550           0.25715072038996 
          0.56043824989114           0.28411767423176 
          0.58285577988679           0.23950074596762 
          0.60527330988243           0.26340704539761 
          0.62769083987808           0.15801003140124 
          0.65010836987373           0.17605015558928 
          0.67252589986937           0.17188754502443 
          0.69494342986502           0.10997014595243 
          0.71736095986066           0.10239183053476 
          0.73977848985631           0.10541374254105 
          0.76219601985196           0.09821856959000 
          0.78461354984760           0.09410457676570 
          0.80703107984325           0.06999855211129 
          0.82944860983889           0.07511845208447 
          0.85186613983454           0.06775351220677 
          0.87428366983018           0.05910422942020 
          0.89670119982583           0.04952591995683 
          0.91911872982148           0.05737987787878 
          0.94153625981712           0.04415222138256 
          0.96395378981277           0.05121997426610 
          0.98637131980841           0.04197118925807 
          1.00878884980406           0.03912842946452 
          1.03120637979970           0.03737457160916 
          1.05362390979535           0.03346583384752 
          1.07604143979100           0.03859287447577 
          1.09845896978664           0.02850040477154 
          1.12087649978229           0.02714752410613 
          1.14329402977793           0.02116825007238 
          1.16571155977358           0.02208980410207 
          1.18812908976922           0.01980858139210 
          1.21054661976487           0.01866936665139 
          1.23296414976052           0.02086929589255 
          1.25538167975616           0.01269887036519 
          1.27779920975181           0.01492427498371 
          1.30021673974745           0.01741385345495 
          1.32263426974310           0.01515585676575 
          1.34505179973874           0.01709972192764 
          1.36746932973439           0.01487942503800 
          1.38988685973004           0.01178045667855 
          1.41230438972568           0.01226743254687 
          1.43472191972133           0.01114871813651 
          1.45713944971697           0.01056626105913 
          1.47955697971262           0.01035644232597 
          1.50197450970826           0.00842262053467 
          1.52439203970391           0.00935305461976 
          1.54680956969956           0.01004142108380 
          1.56922709969520           0.00859939414382 
          1.59164462969085           0.00857680373883 
          1.61406215968649           0.00979831301888 
          1.63647968968214           0.00754969285768 
          1.65889721967778           0.00773956872413 
          1.68131474967343           0.00682533678925 
          1.70373227966908           0.00675513967303 
          1.72614980966472           0.00647373619082 
          1.74856733966037           0.00550207910502 
          1.77098486965601           0.00683523315791 
          1.79340239965166           0.00587766943619 
          1.81581992964730           0.00565435828587 
          1.83823745964295           0.00504782150380 
          1.86065498963860           0.00548910188427 
          1.88307251963424           0.00638984340741 
          1.90549004962989           0.00485245293499 
          1.92790757962553           0.00488213184689 
          1.95032510962118           0.00446258980957 
          1.97274263961682           0.00438140760319 
          1.99516016961247           0.00398755700806 
          2.01757769960812           0.00432799963964 
          2.03999522960376           0.00357846249810 
          2.06241275959941           0.00397908403555 
          2.08483028959505           0.00392466074251 
          2.10724781959070           0.00358486612076 
          2.12966534958634           0.00354755248001 
          2.15208287958199           0.00346595262457 
          2.17450040957764           0.00318152162474 
          2.19691793957328           0.00322688272899 
          2.21933546956893           0.00309546200928 
          2.24175299956457           0.00307588256546 
          2.26417052956022           0.00322113019732 
          2.28658805955587           0.00295218855423 
          2.30900558955151           0.00317625890138 
          2.33142311954716           0.00291252923048 
          2.35384064954280           0.00296112128344 
          2.37625817953845           0.00260393036792 
          2.39867570953409           0.00262853206578 
          2.42109323952974           0.00253621994180 
          2.44351076952539           0.00252872457006 
          2.46592829952103           0.00226154400584 
          2.48834582951668           0.00234205878204 
          2.51076335951232           0.00224739377294 
          2.53318088950797           0.00234701081763 
          2.55559841950361           0.00215227937968 
          2.57801594949926           0.00218093090323 
          2.60043347949491           0.00226302761988 
          2.62285100949055           0.00204413553360 
          2.64526853948620           0.00208154228824 
          2.66768606948184           0.00195717830860 
          2.69010359947749           0.00172561579816 
          2.71252112947313           0.00209238374712 
          2.73493865946878           0.00204629688447 
          2.75735618946443           0.00192779973235 
          2.77977371946007           0.00194442481053 
          2.80219124945572           0.00189526486864 
          2.82460877945136           0.00186628797413 
          2.84702630944701           0.00173939234139 
          2.86944383944265           0.00183985218124 
          2.89186136943830           0.00191199974656 
          2.91427889943395           0.00186345833713 
          2.93669642942959           0.00163419404661 
          2.95911395942524           0.00170662144051 
          2.98153148942088           0.00176835711975 
          3.00394901941653           0.00152300360952 
          3.02636654941217           0.00172426168637 
          3.04878407940782           0.00165160999043 
          3.07120160940347           0.00161889836576 
          3.09361913939911           0.00154941229062 
