          0.02436476387149      194145.94404912021000 
          0.04872952774298      112104.51363397542000 
          0.07309429161447       10964.56365223153600 
          0.09745905548596        4364.33320944444490 
          0.12182381935745         921.41650406146721 
          0.14618858322893         208.68431030184718 
          0.17055334710042         131.90024526971672 
          0.19491811097191          42.18037610170998 
          0.21928287484340          29.68832691261509 
          0.24364763871489          13.33813848999452 
          0.26801240258638          16.29412041360884 
          0.29237716645787           7.71809917022343 
          0.31674193032936           5.60295317537099 
          0.34110669420085           5.00913499918856 
          0.36547145807234           3.39186519424909 
          0.38983622194382           3.52956275240298 
          0.41420098581531           2.53403999716834 
          0.43856574968680           1.35599723264231 
          0.46293051355829           1.30609713885087 
          0.48729527742978           1.14998776078176 
          0.51166004130127           1.14078785685548 
          0.53602480517276           1.12037482073680 
          0.56038956904425           0.59295744466079 
          0.58475433291574           0.44802226589407 
          0.60911909678723           0.43956199364910 
          0.63348386065871           0.38411561375307 
          0.65784862453020           0.29279057169619 
          0.68221338840169           0.34566860657526 
          0.70657815227318           0.24847570924451 
          0.73094291614467           0.29590907964986 
          0.75530768001616           0.20198310620886 
          0.77967244388765           0.20637884845374 
          0.80403720775914           0.14627908866848 
          0.82840197163063           0.18243601223486 
          0.85276673550212           0.15418238388965 
          0.87713149937360           0.16021894277829 
          0.90149626324509           0.17654048818697 
          0.92586102711658           0.10621638050972 
          0.95022579098807           0.10079446778521 
          0.97459055485956           0.09317064406708 
          0.99895531873105           0.08892282414146 
          1.02332008260254           0.08663706852407 
          1.04768484647403           0.07869618496665 
          1.07204961034552           0.06759886864073 
          1.09641437421701           0.06799684555642 
          1.12077913808849           0.06905653712476 
          1.14514390195998           0.05942061260491 
          1.16950866583147           0.05313029450854 
          1.19387342970296           0.06248382647504 
          1.21823819357445           0.04643118018391 
          1.24260295744594           0.04451996041701 
          1.26696772131743           0.04222239867649 
          1.29133248518892           0.04658447218008 
          1.31569724906041           0.03979679449583 
          1.34006201293190           0.03473428029469 
          1.36442677680338           0.03700050006861 
          1.38879154067487           0.03881200720426 
          1.41315630454636           0.03124812995764 
          1.43752106841785           0.03420581419328 
          1.46188583228934           0.02420623664539 
          1.48625059616083           0.02955413010908 
          1.51061536003232           0.02795371728217 
          1.53498012390381           0.02322293982679 
          1.55934488777530           0.02548729587787 
          1.58370965164679           0.02341388165723 
          1.60807441551827           0.02320875584889 
          1.63243917938976           0.01883266038827 
          1.65680394326125           0.02089933796722 
          1.68116870713274           0.02040074733318 
          1.70553347100423           0.01935262248702 
          1.72989823487572           0.02045083323020 
          1.75426299874721           0.01791721369153 
          1.77862776261870           0.01786350274962 
          1.80299252649019           0.01670337316970 
          1.82735729036168           0.01604808044234 
          1.85172205423316           0.01631805525752 
          1.87608681810465           0.01416738197697 
          1.90045158197614           0.01719559897971 
          1.92481634584763           0.01587426056792 
          1.94918110971912           0.01340964108412 
          1.97354587359061           0.01329390183262 
          1.99791063746210           0.01244571092749 
          2.02227540133359           0.01263608640872 
          2.04664016520508           0.01276487210884 
          2.07100492907657           0.01242388396159 
          2.09536969294805           0.01158265752833 
          2.11973445681954           0.01093800482081 
          2.14409922069103           0.01105524857513 
          2.16846398456252           0.01069318403141 
          2.19282874843401           0.01150749630598 
          2.21719351230550           0.01029734396988 
          2.24155827617699           0.00943525545625 
          2.26592304004848           0.00887809606829 
          2.29028780391997           0.00921472549465 
          2.31465256779146           0.00856818719509 
          2.33901733166295           0.00957703218860 
          2.36338209553443           0.00942365428710 
          2.38774685940592           0.00831070246965 
          2.41211162327741           0.00839119833051 
          2.43647638714890           0.00925627677619 
          2.46084115102039           0.00732579805086 
          2.48520591489188           0.00853902535477 
          2.50957067876337           0.00805176588570 
          2.53393544263486           0.00756847993021 
          2.55830020650635           0.00846684666903 
          2.58266497037784           0.00740863062665 
          2.60702973424932           0.00738452222727 
          2.63139449812081           0.00734222367578 
          2.65575926199230           0.00743804759987 
          2.68012402586379           0.00778389766487 
          2.70448878973528           0.00730438392323 
          2.72885355360677           0.00720032175247 
          2.75321831747826           0.00663533927370 
          2.77758308134975           0.00643442594449 
          2.80194784522124           0.00688381526556 
          2.82631260909273           0.00697813475414 
          2.85067737296421           0.00607069799014 
          2.87504213683570           0.00685821253490 
          2.89940690070719           0.00649866570782 
          2.92377166457868           0.00627228477500 
          2.94813642845017           0.00630382833322 
          2.97250119232166           0.00618155924452 
          2.99686595619315           0.00620745621071 
          3.02123072006464           0.00601793298883 
          3.04559548393613           0.00584088681369 
          3.06996024780762           0.00655152921465 
          3.09432501167910           0.00600804969444 
