          0.02636891601133      413344.33334121021000 
          0.05273783202266      314050.72934945923000 
          0.07910674803399       42437.61555830304100 
          0.10547566404532        9794.01300984650520 
          0.13184458005665        3482.88233640098820 
          0.15821349606798         421.20990037511609 
          0.18458241207931         491.77647756591324 
          0.21095132809064         159.34052861041980 
          0.23732024410197          59.10755424261863 
          0.26368916011329          59.72097672649633 
          0.29005807612462          51.39101262683658 
          0.31642699213595          22.84416212681264 
          0.34279590814728          12.46679076122160 
          0.36916482415861          12.94560501704065 
          0.39553374016994           9.18055568328777 
          0.42190265618127           5.52288693474824 
          0.44827157219260           4.75434783235448 
          0.47464048820393           5.39570703102058 
          0.50100940421526           3.67477495005447 
          0.52737832022659           2.98010009354846 
          0.55374723623792           2.46770340125428 
          0.58011615224925           2.20488949818676 
          0.60648506826058           2.29610914520729 
          0.63285398427191           1.45998307820785 
          0.65922290028324           1.19413543858118 
          0.68559181629457           1.14343504923893 
          0.71196073230590           1.25552045159981 
          0.73832964831723           0.93914572302977 
          0.76469856432855           0.73475665529763 
          0.79106748033988           0.86722649899917 
          0.81743639635121           0.73154474077146 
          0.84380531236254           0.49227993600532 
          0.87017422837387           0.50952521300426 
          0.89654314438520           0.55572556908986 
          0.92291206039653           0.55569927813354 
          0.94928097640786           0.38001515086626 
          0.97564989241919           0.39316478995571 
          1.00201880843052           0.35400247214132 
          1.02838772444185           0.36590076771287 
          1.05475664045318           0.29767131084812 
          1.08112555646451           0.26452570777726 
          1.10749447247584           0.28560024311649 
          1.13386338848717           0.28892999888023 
          1.16023230449850           0.28013025266280 
          1.18660122050983           0.22385727424186 
          1.21297013652116           0.25163823885713 
          1.23933905253249           0.22793307409545 
          1.26570796854381           0.20629212467981 
          1.29207688455514           0.18444755333329 
          1.31844580056647           0.19153948429892 
          1.34481471657780           0.20984429542158 
          1.37118363258913           0.16550260005702 
          1.39755254860046           0.14816773113866 
          1.42392146461179           0.17055986757035 
          1.45029038062312           0.14586781718079 
          1.47665929663445           0.13126134288748 
          1.50302821264578           0.13067097127154 
          1.52939712865711           0.13142112816114 
          1.55576604466844           0.12612043766689 
          1.58213496067977           0.12819979816687 
          1.60850387669110           0.10349515908869 
          1.63487279270243           0.10452486289860 
          1.66124170871376           0.10639061553242 
          1.68761062472509           0.10219441330100 
          1.71397954073642           0.08298960143122 
          1.74034845674775           0.10074363811693 
          1.76671737275907           0.08960693042200 
          1.79308628877040           0.08439610214263 
          1.81945520478173           0.08488144398871 
          1.84582412079306           0.07577436765276 
          1.87219303680439           0.07872995981508 
          1.89856195281572           0.07299276910156 
          1.92493086882705           0.06985531372605 
          1.95129978483838           0.07301112661413 
          1.97766870084971           0.07009448136548 
          2.00403761686104           0.06528226454813 
          2.03040653287237           0.05843432663738 
          2.05677544888370           0.06475758818590 
          2.08314436489503           0.06268318218219 
          2.10951328090636           0.05478236289109 
          2.13588219691769           0.05646056630556 
          2.16225111292902           0.05832567617541 
          2.18862002894035           0.05491699936713 
          2.21498894495168           0.04695068582171 
          2.24135786096301           0.05230738364011 
          2.26772677697433           0.05319574149275 
          2.29409569298566           0.05308319126354 
          2.32046460899699           0.04962400303608 
          2.34683352500832           0.04380989610508 
          2.37320244101965           0.04640074462170 
          2.39957135703098           0.04644396463373 
          2.42594027304231           0.04555628450425 
          2.45230918905364           0.04453875418183 
          2.47867810506497           0.04289696474069 
          2.50504702107630           0.04479774573273 
          2.53141593708763           0.04420101967712 
          2.55778485309896           0.04010408740045 
          2.58415376911029           0.03872962842722 
          2.61052268512162           0.03835137814259 
          2.63689160113295           0.04044819720381 
          2.66326051714428           0.03645717690318 
          2.68962943315561           0.03614494053462 
          2.71599834916694           0.03921928019854 
          2.74236726517827           0.03450267196302 
          2.76873618118959           0.03509350800836 
          2.79510509720092           0.03476723940072 
          2.82147401321225           0.03730343371463 
          2.84784292922358           0.03329030809802 
          2.87421184523491           0.03317727367658 
          2.90058076124624           0.03410569568892 
          2.92694967725757           0.03325250090613 
          2.95331859326890           0.03419269521924 
          2.97968750928023           0.03197043967858 
          3.00605642529156           0.03266044096776 
          3.03242534130289           0.03360126321708 
          3.05879425731422           0.03498526443586 
          3.08516317332555           0.03228191407194 
