          0.02490560213723      290211.32426938298000 
          0.04981120427445      159848.40640414768000 
          0.07471680641168        9095.16257003328250 
          0.09962240854891        2649.13881906464480 
          0.12452801068613        1016.74144043990690 
          0.14943361282336         558.29922045045237 
          0.17433921496059         168.26947576855446 
          0.19924481709781          66.33371891065360 
          0.22415041923504          39.79078563410849 
          0.24905602137227          21.21069436140937 
          0.27396162350950          20.19574941432683 
          0.29886722564672           8.47016049835481 
          0.32377282778395           5.77164880821757 
          0.34867842992118           2.97943241630424 
          0.37358403205840           3.60607132099144 
          0.39848963419563           3.09187166490566 
          0.42339523633286           2.25289308652653 
          0.44830083847008           1.10238360831731 
          0.47320644060731           1.29691812857802 
          0.49811204274454           1.06185907350299 
          0.52301764488176           0.75838925860931 
          0.54792324701899           0.58130919601826 
          0.57282884915622           0.56326088254259 
          0.59773445129344           0.54220539378888 
          0.62264005343067           0.34929722553915 
          0.64754565556790           0.47009978135386 
          0.67245125770512           0.43854559628511 
          0.69735685984235           0.26389663617080 
          0.72226246197958           0.25651672939162 
          0.74716806411681           0.25869681300399 
          0.77207366625403           0.19923762587479 
          0.79697926839126           0.18041609078422 
          0.82188487052849           0.13829652139527 
          0.84679047266571           0.15029989188191 
          0.87169607480294           0.12641533285924 
          0.89660167694017           0.10883296780097 
          0.92150727907739           0.08058073791262 
          0.94641288121462           0.09604072346398 
          0.97131848335185           0.12653094780632 
          0.99622408548907           0.10686839997656 
          1.02112968762630           0.06852771090692 
          1.04603528976353           0.06731252489473 
          1.07094089190075           0.07176470476723 
          1.09584649403798           0.06338635848394 
          1.12075209617521           0.06436052128066 
          1.14565769831243           0.05275781395235 
          1.17056330044966           0.05204072973858 
          1.19546890258689           0.04866086197195 
          1.22037450472411           0.04949528209294 
          1.24528010686134           0.03749584040759 
          1.27018570899857           0.04213121224101 
          1.29509131113580           0.03866490847694 
          1.31999691327302           0.03620747799682 
          1.34490251541025           0.03594534667641 
          1.36980811754748           0.02981758893918 
          1.39471371968470           0.03162646826631 
          1.41961932182193           0.02990610334871 
          1.44452492395916           0.02643282668601 
          1.46943052609638           0.02515083835918 
          1.49433612823361           0.02392964036149 
          1.51924173037084           0.02382193901376 
          1.54414733250806           0.02525481205374 
          1.56905293464529           0.02096448843169 
          1.59395853678252           0.02167758890235 
          1.61886413891974           0.01926246320980 
          1.64376974105697           0.02036743245213 
          1.66867534319420           0.01940349331694 
          1.69358094533143           0.01890167593679 
          1.71848654746865           0.01798707329963 
          1.74339214960588           0.01844401242198 
          1.76829775174311           0.01600572643241 
          1.79320335388033           0.01286597042558 
          1.81810895601756           0.01631045169555 
          1.84301455815479           0.01553792139447 
          1.86792016029201           0.01320272073114 
          1.89282576242924           0.01505008958694 
          1.91773136456647           0.01260918151534 
          1.94263696670369           0.01387892125782 
          1.96754256884092           0.01221981236219 
          1.99244817097815           0.01215451068695 
          2.01735377311537           0.01230137068691 
          2.04225937525260           0.01042018665168 
          2.06716497738983           0.01203104120317 
          2.09207057952705           0.01123735677077 
          2.11697618166428           0.01016638844664 
          2.14188178380151           0.01133832026241 
          2.16678738593873           0.00976412952314 
          2.19169298807596           0.01191905389363 
          2.21659859021319           0.00844001278410 
          2.24150419235042           0.01021136281905 
          2.26640979448764           0.00933974253038 
          2.29131539662487           0.00904818068691 
          2.31622099876210           0.00819254580215 
          2.34112660089932           0.00830397263573 
          2.36603220303655           0.00833770694188 
          2.39093780517378           0.00804464644400 
          2.41584340731100           0.00858329854065 
          2.44074900944823           0.00822734721475 
          2.46565461158546           0.00791926044061 
          2.49056021372268           0.00775887249544 
          2.51546581585991           0.00751351998306 
          2.54037141799714           0.00764367716809 
          2.56527702013436           0.00700371262844 
          2.59018262227159           0.00654924808318 
          2.61508822440882           0.00750567175776 
          2.63999382654604           0.00737005618045 
          2.66489942868327           0.00706163150996 
          2.68980503082050           0.00727873978209 
          2.71471063295773           0.00666529224114 
          2.73961623509495           0.00701861002233 
          2.76452183723218           0.00648906642084 
          2.78942743936941           0.00675680080488 
          2.81433304150663           0.00644709150968 
          2.83923864364386           0.00601940646647 
          2.86414424578109           0.00651949172301 
          2.88904984791831           0.00709506256751 
          2.91395545005554           0.00659476171913 
          2.93886105219277           0.00561426076023 
          2.96376665432999           0.00606990561708 
          2.98867225646722           0.00639284869065 
          3.01357785860445           0.00585362462217 
          3.03848346074167           0.00581371020255 
          3.06338906287890           0.00513121973571 
          3.08829466501613           0.00576638001004 
