          0.08540417707190        4046.21128543333450 
          0.17080835414380          91.39216897760615 
          0.25621253121570          11.02589544198163 
          0.34161670828759           5.69447479199737 
          0.42702088535949           3.19891413311496 
          0.51242506243139           1.33457821956192 
          0.59782923950329           0.43285613142697 
          0.68323341657519           0.25848077778939 
          0.76863759364709           0.15815442335665 
          0.85404177071899           0.14046844242261 
          0.93944594779089           0.08962693223113 
          1.02485012486278           0.05938628816250 
          1.11025430193468           0.02752827063355 
          1.19565847900658           0.03661722369022 
          1.28106265607848           0.02799252919623 
          1.36646683315038           0.02763219729312 
          1.45187101022228           0.02663831522354 
          1.53727518729418           0.01433990448919 
          1.62267936436608           0.00871572801249 
          1.70808354143797           0.01114564452905 
          1.79348771850987           0.00689608738459 
          1.87889189558177           0.00840269244209 
          1.96429607265367           0.00728128271780 
          2.04970024972557           0.00558268408471 
          2.13510442679747           0.00560329756017 
          2.22050860386937           0.00425621910301 
          2.30591278094126           0.00362274995389 
          2.39131695801316           0.00299461470654 
          2.47672113508506           0.00262630783460 
          2.56212531215696           0.00249317658477 
          2.64752948922886           0.00282271981300 
          2.73293366630076           0.00196158545077 
          2.81833784337266           0.00253406574859 
          2.90374202044456           0.00210022746695 
          2.98914619751645           0.00158707528196 
          3.07455037458835           0.00177556119248 
          3.15995455166025           0.00163297001255 
          3.24535872873215           0.00086076294808 
          3.33076290580405           0.00104394693661 
          3.41616708287595           0.00131839329823 
          3.50157125994785           0.00094144854313 
          3.58697543701975           0.00100536707970 
          3.67237961409164           0.00079637330244 
          3.75778379116354           0.00081743497777 
          3.84318796823544           0.00085013567403 
          3.92859214530734           0.00070016814412 
          4.01399632237924           0.00057463787482 
          4.09940049945114           0.00055566094668 
          4.18480467652304           0.00047825250917 
          4.27020885359493           0.00062748120538 
          4.35561303066683           0.00058120586963 
          4.44101720773873           0.00047708634954 
          4.52642138481063           0.00044545268230 
          4.61182556188253           0.00046479037451 
          4.69722973895443           0.00045290568310 
          4.78263391602633           0.00043669619496 
          4.86803809309823           0.00041896030207 
          4.95344227017012           0.00041406112790 
          5.03884644724202           0.00037706979033 
          5.12425062431392           0.00035654576950 
          5.20965480138582           0.00033120769193 
          5.29505897845772           0.00031488874228 
          5.38046315552962           0.00031672996499 
          5.46586733260152           0.00032958337075 
          5.55127150967341           0.00027960046901 
          5.63667568674531           0.00036167512060 
          5.72207986381721           0.00027165902044 
          5.80748404088911           0.00024378717308 
          5.89288821796101           0.00031710780952 
          5.97829239503291           0.00024753553844 
          6.06369657210481           0.00028084891295 
          6.14910074917671           0.00023017094313 
