          0.02576342999500      310360.22300863970000 
          0.05152685998999      234220.07227516218000 
          0.07729028998499       18448.19088794805100 
          0.10305371997998       11395.27255892270700 
          0.12881714997498        2247.21158338359240 
          0.15458057996998        1189.08880038609210 
          0.18034400996497         401.56781420545440 
          0.20610743995997         272.32056564544007 
          0.23187086995496          89.93873350024026 
          0.25763429994996          48.90863705366400 
          0.28339772994495          37.93175077354439 
          0.30916115993995          18.90688901997980 
          0.33492458993495          13.92741224820765 
          0.36068801992994          13.03284980458347 
          0.38645144992494           9.67908253863874 
          0.41221487991993           5.39338734619846 
          0.43797830991493           3.94741247570687 
          0.46374173990993           3.62654599613230 
          0.48950516990492           2.30968801146803 
          0.51526859989992           2.09734998750154 
          0.54103202989491           1.63158256841350 
          0.56679545988991           0.85288924493228 
          0.59255888988490           1.26851807308280 
          0.61832231987990           1.01520849675502 
          0.64408574987490           0.84952904862458 
          0.66984917986989           0.79374654310953 
          0.69561260986489           0.71965471500058 
          0.72137603985988           0.62996619532627 
          0.74713946985488           0.40868642555589 
          0.77290289984988           0.42933035703870 
          0.79866632984487           0.40338579964487 
          0.82442975983987           0.35951748318312 
          0.85019318983486           0.28677621481343 
          0.87595661982986           0.28891683315592 
          0.90172004982485           0.25036980733021 
          0.92748347981985           0.21731043160205 
          0.95324690981485           0.20953432980286 
          0.97901033980984           0.16074266578951 
          1.00477376980484           0.18238921992171 
          1.03053719979983           0.11386792028521 
          1.05630062979483           0.13278972343608 
          1.08206405978983           0.11918028823826 
          1.10782748978482           0.09323170510687 
          1.13359091977982           0.10898207372791 
          1.15935434977481           0.09020855818108 
          1.18511777976981           0.06504236098030 
          1.21088120976480           0.06071584833114 
          1.23664463975980           0.06349383447525 
          1.26240806975480           0.06088918465639 
          1.28817149974979           0.07256487582842 
          1.31393492974479           0.05873251563697 
          1.33969835973978           0.05253673195577 
          1.36546178973478           0.04053495724607 
          1.39122521972978           0.03931239378414 
          1.41698864972477           0.04292729774684 
          1.44275207971977           0.04077271153991 
          1.46851550971476           0.04092342263380 
          1.49427893970976           0.02673697050123 
          1.52004236970475           0.03284775949318 
          1.54580579969975           0.03038147460358 
          1.57156922969475           0.03156455196093 
          1.59733265968974           0.02923119647833 
          1.62309608968474           0.02162416453509 
          1.64885951967973           0.02126891690431 
          1.67462294967473           0.01824874894373 
          1.70038637966973           0.01902185993012 
          1.72614980966472           0.01893337446555 
          1.75191323965972           0.02234652797207 
          1.77767666965471           0.01706974832588 
          1.80344009964971           0.01635554050691 
          1.82920352964470           0.01585923184201 
          1.85496695963970           0.01462906616109 
          1.88073038963470           0.01518985995184 
          1.90649381962969           0.01328962612981 
          1.93225724962469           0.01334298936830 
          1.95802067961968           0.01214568088167 
          1.98378410961468           0.01308436018327 
          2.00954753960968           0.01028322115327 
          2.03531096960467           0.01209020504624 
          2.06107439959967           0.01021695386847 
          2.08683782959466           0.01171807150924 
          2.11260125958966           0.01138608133522 
          2.13836468958466           0.00929404329146 
          2.16412811957965           0.00956540635374 
          2.18989154957465           0.00893519130286 
          2.21565497956964           0.00924736978528 
          2.24141840956464           0.00760507100889 
          2.26718183955963           0.00853477536020 
          2.29294526955463           0.00772371851402 
          2.31870869954963           0.00801448994529 
          2.34447212954462           0.00873506871408 
          2.37023555953962           0.00732108940365 
          2.39599898953461           0.00769601595070 
          2.42176241952961           0.00697122964296 
          2.44752584952461           0.00694353741269 
          2.47328927951960           0.00658825313810 
          2.49905270951460           0.00576208197662 
          2.52481613950959           0.00707798162290 
          2.55057956950459           0.00593209955055 
          2.57634299949958           0.00659547154730 
          2.60210642949458           0.00591572647136 
          2.62786985948958           0.00556683527909 
          2.65363328948457           0.00634317830876 
          2.67939671947957           0.00537428197473 
          2.70516014947456           0.00498152029992 
          2.73092357946956           0.00554405983972 
          2.75668700946456           0.00540797516862 
          2.78245043945955           0.00582946098875 
          2.80821386945455           0.00510346240390 
          2.83397729944954           0.00484068484193 
          2.85974072944454           0.00489117204065 
          2.88550415943953           0.00474616566101 
          2.91126758943453           0.00507932837090 
          2.93703101942953           0.00536254849853 
          2.96279444942452           0.00432018627581 
          2.98855787941952           0.00536697411276 
          3.01432130941451           0.00473091591866 
          3.04008473940951           0.00438017440176 
          3.06584816940451           0.00427762266805 
          3.09161159939950           0.00434520465778 
