          0.02463221462749      184306.99179803472000 
          0.04926442925498      137869.21447035772000 
          0.07389664388246       18295.59793270269800 
          0.09852885850995        2674.24002114018730 
          0.12316107313744         994.43002412611270 
          0.14779328776493         559.42634967941831 
          0.17242550239241         156.38964199509488 
          0.19705771701990          59.19919792131945 
          0.22168993164739          35.69140324805876 
          0.24632214627488          20.83588977967582 
          0.27095436090237          11.79803851753651 
          0.29558657552985           4.17935712720584 
          0.32021879015734           4.30354195149753 
          0.34485100478483           4.16464669985601 
          0.36948321941232           2.32119679892281 
          0.39411543403980           1.76225223817060 
          0.41874764866729           1.38524448943780 
          0.44337986329478           1.23572535724506 
          0.46801207792227           1.03830439628825 
          0.49264429254976           0.89470474460474 
          0.51727650717724           0.61819618850503 
          0.54190872180473           0.65114558414711 
          0.56654093643222           0.57292140389082 
          0.59117315105971           0.46002107669309 
          0.61580536568719           0.34438104330366 
          0.64043758031468           0.26408033154543 
          0.66506979494217           0.36055486659384 
          0.68970200956966           0.25114584725610 
          0.71433422419715           0.20771296471070 
          0.73896643882463           0.27740360042470 
          0.76359865345212           0.20536608356797 
          0.78823086807961           0.18537567937025 
          0.81286308270710           0.12097865945454 
          0.83749529733458           0.15471088069381 
          0.86212751196207           0.10756090661820 
          0.88675972658956           0.09374098656258 
          0.91139194121705           0.07497229002366 
          0.93602415584454           0.08633952107251 
          0.96065637047202           0.08400558857036 
          0.98528858509951           0.05760465469019 
          1.00992079972700           0.06898523639305 
          1.03455301435449           0.06958306552110 
          1.05918522898198           0.06550323272823 
          1.08381744360946           0.05847337626958 
          1.10844965823695           0.05646359261934 
          1.13308187286444           0.04419394518533 
          1.15771408749193           0.03833299449184 
          1.18234630211941           0.03980669761943 
          1.20697851674690           0.03941267513173 
          1.23161073137439           0.03624731312773 
          1.25624294600188           0.03280889939846 
          1.28087516062937           0.03260841603800 
          1.30550737525685           0.03095686537150 
          1.33013958988434           0.03414900342603 
          1.35477180451183           0.02452905746292 
          1.37940401913932           0.02472671973756 
          1.40403623376680           0.02367000152467 
          1.42866844839429           0.02156814940332 
          1.45330066302178           0.02704328454621 
          1.47793287764927           0.02018552713315 
          1.50256509227676           0.02054715467853 
          1.52719730690424           0.02208563095851 
          1.55182952153173           0.01900981299222 
          1.57646173615922           0.02162205492065 
          1.60109395078671           0.01670235039798 
          1.62572616541419           0.01794839620730 
          1.65035838004168           0.01846764460566 
          1.67499059466917           0.01417888076592 
          1.69962280929666           0.01463023187634 
          1.72425502392415           0.01540479820224 
          1.74888723855163           0.01544264597184 
          1.77351945317912           0.01423139273251 
          1.79815166780661           0.01193688214541 
          1.82278388243410           0.01336124145287 
          1.84741609706158           0.01202794811232 
          1.87204831168907           0.00972154432813 
          1.89668052631656           0.01079797234233 
          1.92131274094405           0.01146365910392 
          1.94594495557154           0.01033779261486 
          1.97057717019902           0.01034626100603 
          1.99520938482651           0.00940825689974 
          2.01984159945400           0.01072371748353 
          2.04447381408149           0.00899363403899 
          2.06910602870897           0.00944821254701 
          2.09373824333646           0.00807888382089 
          2.11837045796395           0.00884658486046 
          2.14300267259144           0.00922125629743 
          2.16763488721893           0.00839551943461 
          2.19226710184641           0.00675141538858 
          2.21689931647390           0.00907086723111 
          2.24153153110139           0.00687257583864 
          2.26616374572888           0.00713400689104 
          2.29079596035636           0.00677634466943 
          2.31542817498385           0.00701537454012 
          2.34006038961134           0.00772732009875 
          2.36469260423883           0.00688282584566 
          2.38932481886632           0.00556016978610 
          2.41395703349380           0.00741478923341 
          2.43858924812129           0.00666655951984 
          2.46322146274878           0.00627315327153 
          2.48785367737627           0.00608977275036 
          2.51248589200375           0.00669474474763 
          2.53711810663124           0.00577231158104 
          2.56175032125873           0.00665402823599 
          2.58638253588622           0.00575664914302 
          2.61101475051371           0.00617128435962 
          2.63564696514119           0.00556152262556 
          2.66027917976868           0.00593137770564 
          2.68491139439617           0.00510757900690 
          2.70954360902366           0.00577872533076 
          2.73417582365115           0.00519383592097 
          2.75880803827863           0.00493548586674 
          2.78344025290612           0.00565150081048 
          2.80807246753361           0.00503862851877 
          2.83270468216110           0.00566915335295 
          2.85733689678858           0.00534465599967 
          2.88196911141607           0.00503265986646 
          2.90660132604356           0.00485243978261 
          2.93123354067105           0.00527307419411 
          2.95586575529853           0.00498477794697 
          2.98049796992602           0.00483089460048 
          3.00513018455351           0.00510163713827 
          3.02976239918100           0.00421792272689 
          3.05439461380849           0.00451172603827 
          3.07902682843597           0.00416570646005 
          3.10365904306346           0.00414615073410 
