          0.02606265682421      516335.16978889424000 
          0.05212531364841      255737.53146228948000 
          0.07818797047262       23767.25277604590200 
          0.10425062729682        8586.91592557985310 
          0.13031328412103        3465.91331559640730 
          0.15637594094524        1887.28314092208010 
          0.18243859776944         593.52677121366037 
          0.20850125459365         380.97546083725967 
          0.23456391141785         165.15932857975704 
          0.26062656824206         102.40617475957082 
          0.28668922506627          72.10922329010661 
          0.31275188189047          46.51568737385568 
          0.33881453871468          21.14662142384564 
          0.36487719553888          31.41597417822188 
          0.39093985236309          28.80249995878936 
          0.41700250918730          21.24627611013781 
          0.44306516601150          12.48437988847950 
          0.46912782283571          11.11221403727689 
          0.49519047965991           6.61908772959619 
          0.52125313648412           5.81616890458184 
          0.54731579330833           6.24412495642793 
          0.57337845013253           6.86083061970973 
          0.59944110695674           5.58912796545669 
          0.62550376378094           3.54016155504019 
          0.65156642060515           3.33876823044438 
          0.67762907742936           2.79948038153717 
          0.70369173425356           2.41810662594184 
          0.72975439107777           2.42501652102075 
          0.75581704790197           2.31943346311831 
          0.78187970472618           2.00021254126055 
          0.80794236155039           1.66451429717777 
          0.83400501837459           1.43810905496878 
          0.86006767519880           1.45976563311675 
          0.88613033202300           1.25025487922179 
          0.91219298884721           1.32614798447008 
          0.93825564567142           1.27012950659501 
          0.96431830249562           1.10349069227259 
          0.99038095931983           0.95066754132690 
          1.01644361614403           0.84772401254888 
          1.04250627296824           0.77979509218992 
          1.06856892979245           0.70994874239244 
          1.09463158661665           0.65594762980728 
          1.12069424344086           0.57462697364466 
          1.14675690026506           0.61943798458473 
          1.17281955708927           0.64017425965929 
          1.19888221391348           0.49944576928220 
          1.22494487073768           0.47317784770731 
          1.25100752756189           0.49155349639592 
          1.27707018438609           0.50077365781869 
          1.30313284121030           0.42809482811941 
          1.32919549803451           0.42168823017101 
          1.35525815485871           0.37763302385562 
          1.38132081168292           0.35187862030548 
          1.40738346850712           0.32995046673218 
          1.43344612533133           0.30355376774904 
          1.45950878215554           0.33579795064678 
          1.48557143897974           0.30552844492629 
          1.51163409580395           0.28821962218127 
          1.53769675262816           0.29440618913961 
          1.56375940945236           0.26200082218704 
          1.58982206627657           0.26865403979097 
          1.61588472310077           0.24293916404602 
          1.64194737992498           0.23359602584908 
          1.66801003674919           0.24074331867427 
          1.69407269357339           0.20600508747723 
          1.72013535039760           0.19599276624018 
          1.74619800722180           0.19593777559968 
          1.77226066404601           0.17925286331764 
          1.79832332087022           0.20104296288068 
          1.82438597769442           0.18472934504679 
          1.85044863451863           0.19693030183661 
          1.87651129134283           0.16971041915669 
          1.90257394816704           0.17448013628932 
          1.92863660499125           0.16416680408823 
          1.95469926181545           0.15171885121464 
          1.98076191863966           0.15151576141048 
          2.00682457546386           0.14207275973185 
          2.03288723228807           0.14563477112281 
          2.05894988911228           0.13668026630969 
          2.08501254593648           0.12276223412311 
          2.11107520276069           0.13065440879113 
          2.13713785958489           0.12469478848481 
          2.16320051640910           0.13262911301347 
          2.18926317323331           0.12514442145212 
          2.21532583005751           0.12505521915258 
          2.24138848688172           0.11965175704337 
          2.26745114370592           0.11445174178283 
          2.29351380053013           0.11327779302368 
          2.31957645735434           0.09745813256859 
          2.34563911417854           0.10951580372188 
          2.37170177100275           0.10762051151852 
          2.39776442782695           0.10319666330104 
          2.42382708465116           0.10303535606083 
          2.44988974147537           0.09800047405823 
          2.47595239829957           0.09912668584745 
          2.50201505512378           0.09408408606389 
          2.52807771194798           0.09281931990992 
          2.55414036877219           0.09938772800681 
          2.58020302559640           0.08961151129014 
          2.60626568242060           0.09582583208330 
          2.63232833924481           0.08124145766778 
          2.65839099606901           0.08146710206554 
          2.68445365289322           0.08927154320097 
          2.71051630971743           0.08324707044001 
          2.73657896654163           0.09014794142457 
          2.76264162336584           0.08395471425155 
          2.78870428019004           0.08235578006785 
          2.81476693701425           0.08151491983631 
          2.84082959383846           0.07254216833240 
          2.86689225066266           0.07456501503772 
          2.89295490748687           0.07322504203875 
          2.91901756431107           0.07559652511318 
          2.94508022113528           0.07742870252410 
          2.97114287795949           0.06973787994817 
          2.99720553478369           0.07417837140937 
          3.02326819160790           0.07064669577583 
          3.04933084843210           0.07020247887694 
          3.07539350525631           0.07002991270215 
          3.10145616208052           0.06880242779475 
