          0.02264374119641        3815.63193460651840 
          0.04528748239282        1474.68439557521540 
          0.06793122358923         392.92892750430906 
          0.09057496478564         309.47376813291942 
          0.11321870598205         152.42042752769481 
          0.13586244717845          93.22924043850080 
          0.15850618837486          45.72947977420697 
          0.18114992957127          43.01175421844536 
          0.20379367076768          28.54072871302302 
          0.22643741196409          25.58977202361076 
          0.24908115316050          15.97761510973599 
          0.27172489435691          15.32354843661355 
          0.29436863555332           9.61856567982441 
          0.31701237674973          10.02081767434653 
          0.33965611794614           6.50671149777436 
          0.36229985914254           6.30793873633346 
          0.38494360033895           4.29400716507119 
          0.40758734153536           3.21374363551718 
          0.43023108273177           3.43493213752080 
          0.45287482392818           2.41144771851010 
          0.47551856512459           2.61141117796879 
          0.49816230632100           1.72822290906949 
          0.52080604751741           1.92803266579001 
          0.54344978871382           1.38248940407804 
          0.56609352991023           1.15403777103887 
          0.58873727110664           1.06624477314809 
          0.61138101230304           1.17559806303521 
          0.63402475349945           0.89605521542348 
          0.65666849469586           0.71725680627064 
          0.67931223589227           0.67827847539132 
          0.70195597708868           0.70112134852334 
          0.72459971828509           0.58442826975553 
          0.74724345948150           0.59464552391879 
          0.76988720067791           0.49240316560591 
          0.79253094187432           0.47556309032789 
          0.81517468307073           0.41479882138538 
          0.83781842426714           0.38848368752652 
          0.86046216546354           0.35397113065801 
          0.88310590665995           0.34868486969871 
          0.90574964785636           0.32024272212613 
          0.92839338905277           0.27714735030983 
          0.95103713024918           0.26765401249963 
          0.97368087144559           0.24341517068667 
          0.99632461264200           0.24384550787442 
          1.01896835383841           0.24898177913547 
          1.04161209503482           0.20101861172738 
          1.06425583623123           0.18143507192173 
          1.08689957742763           0.19339486775766 
          1.10954331862404           0.17366023335193 
          1.13218705982045           0.14515532918446 
          1.15483080101686           0.15803258823405 
          1.17747454221327           0.15460483035292 
          1.20011828340968           0.13361643384606 
          1.22276202460609           0.13273680498897 
          1.24540576580250           0.12050227706729 
          1.26804950699891           0.12382924444400 
          1.29069324819532           0.11710116043970 
          1.31333698939173           0.10023120299282 
          1.33598073058813           0.10232625503690 
          1.35862447178454           0.09328355905880 
          1.38126821298095           0.08552797668991 
          1.40391195417736           0.08816767746964 
          1.42655569537377           0.08146294559120 
          1.44919943657018           0.08738481901345 
          1.47184317776659           0.07012362399929 
          1.49448691896300           0.07583463822755 
          1.51713066015941           0.07093819422941 
          1.53977440135582           0.06448620545275 
          1.56241814255223           0.07203584642088 
          1.58506188374863           0.06282993416842 
          1.60770562494504           0.06520694345204 
          1.63034936614145           0.05257163467956 
          1.65299310733786           0.05973215517130 
          1.67563684853427           0.05631297094668 
          1.69828058973068           0.04949571152446 
          1.72092433092709           0.04897513229847 
          1.74356807212350           0.04901754223834 
          1.76621181331991           0.05483086448737 
          1.78885555451632           0.04720623830097 
          1.81149929571272           0.04166517995855 
          1.83414303690913           0.04284028708019 
          1.85678677810554           0.04374045046759 
          1.87943051930195           0.04119408153451 
          1.90207426049836           0.04057328628464 
          1.92471800169477           0.03712878182254 
          1.94736174289118           0.03981494758593 
          1.97000548408759           0.03548826035340 
          1.99264922528400           0.03867640946818 
          2.01529296648041           0.03257721067848 
          2.03793670767682           0.03721364290160 
          2.06058044887322           0.03473533333087 
          2.08322419006963           0.03141651320606 
          2.10586793126604           0.03320123243120 
          2.12851167246245           0.03090678641080 
          2.15115541365886           0.02931600895413 
          2.17379915485527           0.02917973191858 
          2.19644289605168           0.02908457377363 
          2.21908663724809           0.02802972531965 
          2.24173037844450           0.02527917907230 
          2.26437411964091           0.02921437794446 
          2.28701786083731           0.02463222072319 
          2.30966160203372           0.02499266547036 
          2.33230534323013           0.02570217398890 
          2.35494908442654           0.02426793017881 
          2.37759282562295           0.02474582766196 
          2.40023656681936           0.02351049378283 
          2.42288030801577           0.02404795371918 
          2.44552404921218           0.02159090449244 
          2.46816779040859           0.02283586068510 
          2.49081153160500           0.02170751801651 
          2.51345527280141           0.02181138142814 
          2.53609901399781           0.02213443666291 
          2.55874275519422           0.02104946956283 
          2.58138649639063           0.02153318762249 
          2.60403023758704           0.02125375122477 
          2.62667397878345           0.01910629638912 
          2.64931771997986           0.02041134557226 
          2.67196146117627           0.02041438075316 
          2.69460520237268           0.01834922847664 
          2.71724894356909           0.02032743616124 
          2.73989268476550           0.02137808626982 
          2.76253642596191           0.01896874099728 
          2.78518016715831           0.01669576672132 
          2.80782390835472           0.01886186293516 
          2.83046764955113           0.01840986600149 
          2.85311139074754           0.01865610039694 
          2.87575513194395           0.01691535076547 
          2.89839887314036           0.01819440023454 
          2.92104261433677           0.01901689092549 
          2.94368635553318           0.01628920753006 
          2.96633009672959           0.01829247878100 
          2.98897383792600           0.01627106616562 
          3.01161757912240           0.01752365996462 
          3.03426132031881           0.01748829383983 
          3.05690506151522           0.01504060241396 
          3.07954880271163           0.01708746561649 
          3.10219254390804           0.01560668608312 
