          0.02219579379391         123.93593850343619 
          0.04439158758782          92.03621591207585 
          0.06658738138173          74.62880378856278 
          0.08878317517563          82.62375151430786 
          0.11097896896954          37.63070212153094 
          0.13317476276345          31.18006712699936 
          0.15537055655736          13.19438365702582 
          0.17756635035127          23.48259344683740 
          0.19976214414518          11.05197983227910 
          0.22195793793908           5.86016176335236 
          0.24415373173299           3.87466962681173 
          0.26634952552690           1.68282157909299 
          0.28854531932081           2.89537707864989 
          0.31074111311472           2.07249773350762 
          0.33293690690863           1.99451498177644 
          0.35513270070253           2.17101476922487 
          0.37732849449644           1.49730700996143 
          0.39952428829035           1.00505965068048 
          0.42172008208426           0.79584416001103 
          0.44391587587817           0.88948098501083 
          0.46611166967208           0.51640541535746 
          0.48830746346598           0.46417104815013 
          0.51050325725989           0.45229206817566 
          0.53269905105380           0.36172771264801 
          0.55489484484771           0.30206566380910 
          0.57709063864162           0.25449596993764 
          0.59928643243553           0.22926400923606 
          0.62148222622943           0.17312012764168 
          0.64367802002334           0.18956457312894 
          0.66587381381725           0.17843340314192 
          0.68806960761116           0.14674573843240 
          0.71026540140507           0.10504243906782 
          0.73246119519898           0.09787479439326 
          0.75465698899289           0.09863128420268 
          0.77685278278679           0.10929030447995 
          0.79904857658070           0.10020317057491 
          0.82124437037461           0.07986557448135 
          0.84344016416852           0.06439683800875 
          0.86563595796243           0.04951118678634 
          0.88783175175634           0.05700965269329 
          0.91002754555024           0.06629037174763 
          0.93222333934415           0.04999929834042 
          0.95441913313806           0.04217449271254 
          0.97661492693197           0.04798371606390 
          0.99881072072588           0.03523341378098 
          1.02100651451979           0.03737449284605 
          1.04320230831369           0.03092511812584 
          1.06539810210760           0.03579909011740 
          1.08759389590151           0.02635178540782 
          1.10978968969542           0.02894666897431 
          1.13198548348933           0.02366954422454 
          1.15418127728324           0.02601916677179 
          1.17637707107714           0.02488017350893 
          1.19857286487105           0.02160005441126 
          1.22076865866496           0.01758320597772 
          1.24296445245887           0.01538525725630 
          1.26516024625278           0.01979725475013 
          1.28735604004669           0.01690396841256 
          1.30955183384059           0.01487527338856 
          1.33174762763450           0.01518461590103 
          1.35394342142841           0.01333042183425 
          1.37613921522232           0.01332193832316 
          1.39833500901623           0.01326561666826 
          1.42053080281014           0.01122383386638 
          1.44272659660405           0.01052779282504 
          1.46492239039795           0.01043431998105 
          1.48711818419186           0.00989917230764 
          1.50931397798577           0.00936751448882 
          1.53150977177968           0.00872671382670 
          1.55370556557359           0.00870648682292 
          1.57590135936750           0.00893524762596 
          1.59809715316140           0.00702299852899 
          1.62029294695531           0.00776636920531 
          1.64248874074922           0.00827553058479 
          1.66468453454313           0.00763703760263 
          1.68688032833704           0.00726898576004 
          1.70907612213095           0.00732903746320 
          1.73127191592485           0.00543875110581 
          1.75346770971876           0.00571800354531 
          1.77566350351267           0.00599650078002 
          1.79785929730658           0.00623784021337 
          1.82005509110049           0.00576773470495 
          1.84225088489440           0.00539603986583 
          1.86444667868830           0.00520677894350 
          1.88664247248221           0.00442132598348 
          1.90883826627612           0.00516424046800 
          1.93103406007003           0.00463002674285 
          1.95322985386394           0.00472229671229 
          1.97542564765785           0.00462055165275 
          1.99762144145176           0.00372452722258 
          2.01981723524566           0.00451366337737 
          2.04201302903957           0.00372252113752 
          2.06420882283348           0.00370935197179 
          2.08640461662739           0.00384676656153 
          2.10860041042130           0.00363612678499 
          2.13079620421521           0.00335063559088 
          2.15299199800911           0.00321524268168 
          2.17518779180302           0.00306586873183 
          2.19738358559693           0.00338205169959 
          2.21957937939084           0.00312661325277 
          2.24177517318475           0.00295180078504 
          2.26397096697866           0.00290932950732 
          2.28616676077256           0.00272989899263 
          2.30836255456647           0.00258469842709 
          2.33055834836038           0.00261503024255 
          2.35275414215429           0.00262542916396 
          2.37494993594820           0.00274044994017 
          2.39714572974211           0.00242182936121 
          2.41934152353601           0.00243880768650 
          2.44153731732992           0.00242693467152 
          2.46373311112383           0.00252602548613 
          2.48592890491774           0.00257135899508 
          2.50812469871165           0.00195833445353 
          2.53032049250556           0.00208646009111 
          2.55251628629946           0.00212832054346 
          2.57471208009337           0.00231337349458 
          2.59690787388728           0.00200732145723 
          2.61910366768119           0.00199272029924 
          2.64129946147510           0.00209204682609 
          2.66349525526901           0.00204721374681 
          2.68569104906292           0.00199292774056 
          2.70788684285682           0.00159424589286 
          2.73008263665073           0.00194301017837 
          2.75227843044464           0.00182854492925 
          2.77447422423855           0.00170007411034 
          2.79667001803246           0.00169551234532 
          2.81886581182637           0.00187633878214 
          2.84106160562027           0.00204570619893 
          2.86325739941418           0.00180540522005 
          2.88545319320809           0.00194049780016 
          2.90764898700200           0.00183709117730 
          2.92984478079591           0.00180811725232 
          2.95204057458982           0.00161427833115 
          2.97423636838372           0.00167876498698 
          2.99643216217763           0.00155392753684 
          3.01862795597154           0.00208254079790 
          3.04082374976545           0.00136852587578 
          3.06301954355936           0.00170882492029 
          3.08521533735327           0.00149322507168 
          3.10741113114717           0.00164722790585 
