          0.08878317517563        6347.49984375101490 
          0.17756635035127         167.96800648048841 
          0.26634952552690           6.70437172441805 
          0.35513270070253           3.53184286044169 
          0.44391587587817           1.36574166526499 
          0.53269905105380           1.10222565319710 
          0.62148222622943           0.39028567766740 
          0.71026540140507           0.32556827674125 
          0.79904857658070           0.21509098675622 
          0.88783175175634           0.11568797903816 
          0.97661492693197           0.07973637346695 
          1.06539810210760           0.03939767223737 
          1.15418127728324           0.03015167707935 
          1.24296445245887           0.02572839602417 
          1.33174762763450           0.02086652938173 
          1.42053080281014           0.02294143841647 
          1.50931397798577           0.01337819589743 
          1.59809715316140           0.01428079544086 
          1.68688032833704           0.01273386187281 
          1.77566350351267           0.01142336816045 
          1.86444667868830           0.00833415531723 
          1.95322985386394           0.00584396089724 
          2.04201302903957           0.00610718936049 
          2.13079620421521           0.00495650031352 
          2.21957937939084           0.00376604940264 
          2.30836255456647           0.00338297011751 
          2.39714572974211           0.00302914424114 
          2.48592890491774           0.00297962297879 
          2.57471208009337           0.00280841886977 
          2.66349525526901           0.00217472045939 
          2.75227843044464           0.00171040680437 
          2.84106160562027           0.00200192202674 
          2.92984478079591           0.00167544851587 
          3.01862795597154           0.00165286768573 
          3.10741113114717           0.00115217654720 
          3.19619430632281           0.00114249605925 
          3.28497748149844           0.00091848784351 
          3.37376065667408           0.00104882879306 
          3.46254383184971           0.00084277785703 
          3.55132700702534           0.00102446296102 
          3.64011018220098           0.00092765008298 
          3.72889335737661           0.00062904594372 
          3.81767653255224           0.00058130457157 
          3.90645970772788           0.00054526753111 
          3.99524288290351           0.00045745442547 
          4.08402605807914           0.00047515767767 
          4.17280923325478           0.00039415283120 
          4.26159240843041           0.00036114421678 
          4.35037558360604           0.00030842845803 
          4.43915875878168           0.00026154408546 
          4.52794193395731           0.00032593487662 
          4.61672510913295           0.00027718337296 
          4.70550828430858           0.00024580514502 
          4.79429145948421           0.00021065685903 
          4.88307463465985           0.00019744757481 
          4.97185780983548           0.00015154365574 
          5.06064098501111           0.00017111257675 
          5.14942416018675           0.00012905377758 
          5.23820733536238           0.00014008191045 
          5.32699051053801           0.00010636585634 
          5.41577368571365           0.00010884643306 
          5.50455686088928           0.00009509956482 
          5.59334003606491           0.00009211169367 
          5.68212321124055           0.00008010404637 
          5.77090638641618           0.00007036965106 
          5.85968956159181           0.00007545101602 
          5.94847273676745           0.00007874875893 
          6.03725591194308           0.00005989027361 
          6.12603908711872           0.00005619359403 
