          0.09244056653199       24480.26452636003500 
          0.18488113306399          93.85461789031389 
          0.27732169959598          42.98415292659412 
          0.36976226612797           5.71372260719852 
          0.46220283265997           1.67267428135708 
          0.55464339919196           0.39076562408997 
          0.64708396572395           0.73832332049625 
          0.73952453225595           0.25748677675032 
          0.83196509878794           0.15713217322438 
          0.92440566531993           0.15084519219004 
          1.01684623185193           0.09737423620887 
          1.10928679838392           0.05038048015550 
          1.20172736491591           0.04610899597717 
          1.29416793144791           0.04469901900013 
          1.38660849797990           0.04294968427184 
          1.47904906451189           0.02351316540147 
          1.57148963104389           0.01663652489745 
          1.66393019757588           0.01316485867978 
          1.75637076410787           0.01272240391425 
          1.84881133063987           0.00694532599700 
          1.94125189717186           0.00788352951831 
          2.03369246370385           0.00724178058086 
          2.12613303023585           0.00892218609054 
          2.21857359676784           0.00564666712162 
          2.31101416329983           0.00457373840258 
          2.40345472983183           0.00430749064905 
          2.49589529636382           0.00358904286020 
          2.58833586289581           0.00351810343161 
          2.68077642942781           0.00243050763417 
          2.77321699595980           0.00255362604733 
          2.86565756249179           0.00149656955347 
          2.95809812902379           0.00181150074594 
          3.05053869555578           0.00187034819342 
          3.14297926208777           0.00171976259437 
          3.23541982861977           0.00144735252891 
          3.32786039515176           0.00162612095174 
          3.42030096168375           0.00120841265915 
          3.51274152821575           0.00111551479016 
          3.60518209474774           0.00097748035968 
          3.69762266127973           0.00102818780517 
          3.79006322781173           0.00074644233958 
          3.88250379434372           0.00089091259049 
          3.97494436087571           0.00075041141693 
          4.06738492740771           0.00069798766738 
          4.15982549393970           0.00061647491545 
          4.25226606047169           0.00050894717340 
          4.34470662700369           0.00050534885009 
          4.43714719353568           0.00047205445576 
          4.52958776006767           0.00039310468455 
          4.62202832659967           0.00036152214193 
          4.71446889313166           0.00036842211106 
          4.80690945966365           0.00025863842077 
          4.89935002619565           0.00027524728085 
          4.99179059272764           0.00025462912529 
          5.08423115925963           0.00022490045011 
          5.17667172579163           0.00019402462084 
          5.26911229232362           0.00017339685083 
          5.36155285885561           0.00016534027741 
          5.45399342538761           0.00017668110656 
          5.54643399191960           0.00013543388555 
          5.63887455845159           0.00012343107458 
          5.73131512498359           0.00016223998877 
          5.82375569151558           0.00011692582517 
          5.91619625804757           0.00012610755284 
          6.00863682457957           0.00010532750986 
          6.10107739111156           0.00012558502603 
