          0.08706090213634        2443.34589407624210 
          0.17412180427268          42.92964638706024 
          0.26118270640902          13.43458329223827 
          0.34824360854536           3.63556093135133 
          0.43530451068170           1.28178670072450 
          0.52236541281803           0.60330462066955 
          0.60942631495437           0.36289909225094 
          0.69648721709071           0.24713968162650 
          0.78354811922705           0.15470282309107 
          0.87060902136339           0.14058571599190 
          0.95766992349973           0.07821981189592 
          1.04473082563607           0.04149603413870 
          1.13179172777241           0.03271705223789 
          1.21885262990875           0.02438902789959 
          1.30591353204509           0.02677853726648 
          1.39297443418142           0.02227954427730 
          1.48003533631776           0.01278238886637 
          1.56709623845410           0.00874618417011 
          1.65415714059044           0.01245773729227 
          1.74121804272678           0.00785680571865 
          1.82827894486312           0.00659485630747 
          1.91533984699946           0.00562166516592 
          2.00240074913580           0.00372957764506 
          2.08946165127214           0.00461455645551 
          2.17652255340848           0.00492082410476 
          2.26358345554481           0.00292515232804 
          2.35064435768115           0.00268441234982 
          2.43770525981749           0.00254399237135 
          2.52476616195383           0.00233763451212 
          2.61182706409017           0.00211553700820 
          2.69888796622651           0.00167113827450 
          2.78594886836285           0.00135008658032 
          2.87300977049919           0.00169691987350 
          2.96007067263553           0.00124448937981 
          3.04713157477187           0.00109704948035 
          3.13419247690821           0.00134272048001 
          3.22125337904454           0.00117826263477 
          3.30831428118088           0.00064931416942 
          3.39537518331722           0.00083279252465 
          3.48243608545356           0.00071679725869 
          3.56949698758990           0.00078895659383 
          3.65655788972624           0.00062084968355 
          3.74361879186258           0.00057623662394 
          3.83067969399892           0.00048269735281 
          3.91774059613526           0.00056208899610 
          4.00480149827160           0.00042184957058 
          4.09186240040793           0.00043528976141 
          4.17892330254427           0.00032449198517 
          4.26598420468061           0.00035267913446 
          4.35304510681695           0.00035900992859 
          4.44010600895329           0.00028844049121 
          4.52716691108963           0.00024227601687 
          4.61422781322597           0.00023978809798 
          4.70128871536231           0.00025559624903 
          4.78834961749865           0.00020067314291 
          4.87541051963499           0.00018451143149 
          4.96247142177132           0.00017116261990 
          5.04953232390766           0.00013294626317 
          5.13659322604400           0.00013635008409 
          5.22365412818034           0.00011129492667 
          5.31071503031668           0.00013389236866 
          5.39777593245302           0.00010927233241 
          5.48483683458936           0.00011145911573 
          5.57189773672570           0.00010257316712 
          5.65895863886204           0.00009427875736 
          5.74601954099838           0.00009477069891 
          5.83308044313471           0.00008285183334 
          5.92014134527105           0.00007449020753 
          6.00720224740739           0.00009044185117 
          6.09426314954373           0.00007637429020 
