          0.09149825698529       14811.38408415124500 
          0.18299651397057         407.66262314051841 
          0.27449477095586          12.85030750416218 
          0.36599302794114           7.55886249116412 
          0.45749128492643           1.55330217729455 
          0.54898954191172           1.17868206762931 
          0.64048779889700           0.67848069477233 
          0.73198605588229           0.20332434982605 
          0.82348431286757           0.18486009533311 
          0.91498256985286           0.10381100175636 
          1.00648082683815           0.05295328095192 
          1.09797908382343           0.04737489259110 
          1.18947734080872           0.03314604895759 
          1.28097559779400           0.02749117557321 
          1.37247385477929           0.02057807801687 
          1.46397211176458           0.02603907794759 
          1.55547036874986           0.01079082651327 
          1.64696862573515           0.01045744874283 
          1.73846688272043           0.00951281546430 
          1.82996513970572           0.00699135484574 
          1.92146339669101           0.00686174333467 
          2.01296165367629           0.00592478166340 
          2.10445991066158           0.00560524014102 
          2.19595816764686           0.00453698661587 
          2.28745642463215           0.00344913378912 
          2.37895468161743           0.00437750528607 
          2.47045293860272           0.00359403178003 
          2.56195119558801           0.00339034800015 
          2.65344945257329           0.00257017007040 
          2.74494770955858           0.00231372269849 
          2.83644596654386           0.00187539421213 
          2.92794422352915           0.00146657278925 
          3.01944248051444           0.00173085884981 
          3.11094073749972           0.00127281058062 
          3.20243899448501           0.00164110224891 
          3.29393725147029           0.00139001715990 
          3.38543550845558           0.00113064166840 
          3.47693376544087           0.00115996100746 
          3.56843202242615           0.00091147218134 
          3.65993027941144           0.00102450778119 
          3.75142853639672           0.00061793198424 
          3.84292679338201           0.00093146855486 
          3.93442505036730           0.00074851575352 
          4.02592330735258           0.00054770709037 
          4.11742156433787           0.00069531495239 
          4.20891982132315           0.00050046312122 
          4.30041807830844           0.00054490938202 
          4.39191633529373           0.00033398173617 
          4.48341459227901           0.00031111435843 
          4.57491284926430           0.00037964606730 
          4.66641110624958           0.00027069021133 
          4.75790936323487           0.00032854114507 
          4.84940762022016           0.00029588841598 
          4.94090587720544           0.00027360760561 
          5.03240413419073           0.00023200749060 
          5.12390239117601           0.00019826042463 
          5.21540064816130           0.00022754126554 
          5.30689890514659           0.00021246238688 
          5.39839716213187           0.00018696559624 
          5.48989541911716           0.00016034241523 
          5.58139367610244           0.00014301401477 
          5.67289193308773           0.00016846568056 
          5.76439019007301           0.00016097676830 
          5.85588844705830           0.00013567981122 
          5.94738670404359           0.00013966200576 
          6.03888496102887           0.00014300678309 
          6.13038321801416           0.00013490958569 
