          0.09641223426699       27560.82494638796200 
          0.19282446853398          93.95616002646911 
          0.28923670280096          17.82259686878502 
          0.38564893706795           2.81011804555838 
          0.48206117133494           1.42702616090257 
          0.57847340560193           0.44664978764789 
          0.67488563986891           0.21454824180363 
          0.77129787413590           0.26607390430427 
          0.86771010840289           0.09999549056194 
          0.96412234266988           0.08859288141826 
          1.06053457693686           0.04482888653030 
          1.15694681120385           0.04613245373904 
          1.25335904547084           0.02494064754912 
          1.34977127973783           0.02976265668437 
          1.44618351400481           0.01448311222489 
          1.54259574827180           0.01702671782664 
          1.63900798253879           0.01761239176424 
          1.73542021680578           0.01526550112174 
          1.83183245107277           0.01020504011641 
          1.92824468533975           0.00801967919958 
          2.02465691960674           0.00668034207434 
          2.12106915387373           0.00580079714676 
          2.21748138814072           0.00400755095326 
          2.31389362240770           0.00404753723427 
          2.41030585667469           0.00380530105648 
          2.50671809094168           0.00271319663291 
          2.60313032520867           0.00344202509065 
          2.69954255947565           0.00330894614850 
          2.79595479374264           0.00179806495104 
          2.89236702800963           0.00233172739239 
          2.98877926227662           0.00203802618729 
          3.08519149654361           0.00203807536024 
          3.18160373081059           0.00130863384111 
          3.27801596507758           0.00150593009352 
          3.37442819934457           0.00154907914795 
          3.47084043361156           0.00119598321533 
          3.56725266787854           0.00077655898873 
          3.66366490214553           0.00104891475809 
          3.76007713641252           0.00089873723481 
          3.85648937067951           0.00068601111117 
          3.95290160494649           0.00071485334749 
          4.04931383921348           0.00080918744726 
          4.14572607348047           0.00056326501249 
          4.24213830774746           0.00062967515233 
          4.33855054201444           0.00048662180655 
          4.43496277628143           0.00045970551090 
          4.53137501054842           0.00048659555752 
          4.62778724481541           0.00036863073610 
          4.72419947908240           0.00034830530517 
          4.82061171334938           0.00029871789943 
          4.91702394761637           0.00024921246487 
          5.01343618188336           0.00027398304904 
          5.10984841615035           0.00025415491952 
          5.20626065041733           0.00019288420781 
          5.30267288468432           0.00018344247240 
          5.39908511895131           0.00020209225814 
          5.49549735321830           0.00016358682098 
          5.59190958748528           0.00015985673059 
          5.68832182175227           0.00014383029045 
          5.78473405601926           0.00011538415269 
          5.88114629028625           0.00012710779960 
          5.97755852455323           0.00011740448513 
          6.07397075882022           0.00011288865227 
