          0.09745905548596       27447.51316187995700 
          0.19491811097191         252.61076316080346 
          0.29237716645787          41.11454168889149 
          0.38983622194382           4.09903340240391 
          0.48729527742978           1.29025937462049 
          0.58475433291574           1.15700823825505 
          0.68221338840169           0.32422359738643 
          0.77967244388765           0.15810960868439 
          0.87713149937360           0.09671337668893 
          0.97459055485956           0.06065796354121 
          1.07204961034552           0.07426402615837 
          1.16950866583147           0.03520559167811 
          1.26696772131743           0.04224171479089 
          1.36442677680338           0.02755273108598 
          1.46188583228934           0.01793225260448 
          1.55934488777530           0.01660588360639 
          1.65680394326125           0.01349940750024 
          1.75426299874721           0.00887264421638 
          1.85172205423316           0.01028012438748 
          1.94918110971912           0.00748655939171 
          2.04664016520508           0.00703699468482 
          2.14409922069103           0.00740438204326 
          2.24155827617699           0.00370882711128 
          2.33901733166295           0.00407923373552 
          2.43647638714890           0.00325811924458 
          2.53393544263486           0.00314932934972 
          2.63139449812081           0.00210190834109 
          2.72885355360677           0.00292498004010 
          2.82631260909273           0.00285996870350 
          2.92377166457868           0.00262130278433 
          3.02123072006464           0.00270071058228 
          3.11868977555059           0.00160088384216 
          3.21614883103655           0.00194172351179 
          3.31360788652251           0.00139500156578 
          3.41106694200846           0.00178850169423 
          3.50852599749442           0.00158830644663 
          3.60598505298037           0.00114522421948 
          3.70344410846633           0.00110575457544 
          3.80090316395229           0.00108158973122 
          3.89836221943824           0.00102708922027 
          3.99582127492420           0.00090586090010 
          4.09328033041015           0.00085757582305 
          4.19073938589611           0.00068049855889 
          4.28819844138207           0.00064868344154 
          4.38565749686802           0.00066062162240 
          4.48311655235398           0.00066990122065 
          4.58057560783993           0.00049934449364 
          4.67803466332589           0.00057835388180 
          4.77549371881185           0.00045702723532 
          4.87295277429780           0.00047908867986 
          4.97041182978376           0.00038696263874 
          5.06787088526971           0.00042680031588 
          5.16532994075567           0.00040347756766 
          5.26278899624163           0.00030848419292 
          5.36024805172758           0.00030683003747 
          5.45770710721354           0.00030334594216 
          5.55516616269949           0.00026483368233 
          5.65262521818545           0.00026584312188 
          5.75008427367141           0.00027187242425 
          5.84754332915736           0.00021051457858 
          5.94500238464332           0.00023017762931 
          6.04246144012927           0.00022837314828 
