          0.08622458223109         107.55402786392311 
          0.17244916446218          58.44727027037826 
          0.25867374669327           8.75343474582609 
          0.34489832892436           1.81248432177600 
          0.43112291115545           1.12497901867774 
          0.51734749338654           0.56205687219964 
          0.60357207561764           0.33481094276602 
          0.68979665784873           0.22400384601618 
          0.77602124007982           0.08489719283683 
          0.86224582231091           0.06733698123025 
          0.94847040454200           0.04013334113877 
          1.03469498677309           0.04480677711800 
          1.12091956900418           0.04558479265808 
          1.20714415123527           0.03859029418987 
          1.29336873346636           0.02206542179713 
          1.37959331569745           0.01623522985147 
          1.46581789792854           0.01186746153240 
          1.55204248015963           0.01028184453043 
          1.63826706239073           0.01362073142967 
          1.72449164462182           0.00772956463202 
          1.81071622685291           0.00566809253714 
          1.89694080908400           0.00587947675830 
          1.98316539131509           0.00568052480658 
          2.06938997354618           0.00468929213954 
          2.15561455577727           0.00412729954181 
          2.24183913800836           0.00376394852567 
          2.32806372023945           0.00313987571298 
          2.41428830247054           0.00220576474081 
          2.50051288470163           0.00249229860983 
          2.58673746693272           0.00245780739369 
          2.67296204916381           0.00196419281863 
          2.75918663139491           0.00143251659711 
          2.84541121362600           0.00108456585295 
          2.93163579585709           0.00139593654827 
          3.01786037808818           0.00147782965621 
          3.10408496031927           0.00162219856418 
          3.19030954255036           0.00086168247276 
          3.27653412478145           0.00096150672312 
          3.36275870701254           0.00083803797389 
          3.44898328924363           0.00070096328105 
          3.53520787147472           0.00057014497772 
          3.62143245370581           0.00060974232356 
          3.70765703593690           0.00060322586939 
          3.79388161816800           0.00059749281006 
          3.88010620039909           0.00042210637884 
          3.96633078263018           0.00039765736140 
          4.05255536486127           0.00041453246104 
          4.13877994709236           0.00033716159841 
          4.22500452932345           0.00024899851715 
          4.31122911155454           0.00026888642215 
          4.39745369378563           0.00028345771060 
          4.48367827601672           0.00021861980339 
          4.56990285824781           0.00015297839102 
          4.65612744047890           0.00017911308624 
          4.74235202270999           0.00018019435209 
          4.82857660494108           0.00012666577028 
          4.91480118717218           0.00011842283027 
          5.00102576940327           0.00011563822843 
          5.08725035163436           0.00009620709774 
          5.17347493386545           0.00011072333671 
          5.25969951609654           0.00009758399403 
          5.34592409832763           0.00007272484024 
          5.43214868055872           0.00008549979586 
          5.51837326278981           0.00008309560964 
          5.60459784502090           0.00006191376122 
          5.69082242725199           0.00006884945079 
          5.77704700948308           0.00005433877661 
          5.86327159171418           0.00005017357534 
          5.94949617394527           0.00006069041096 
          6.03572075617636           0.00005057224758 
          6.12194533840745           0.00004992113320 
