          0.09438463733182       29166.56477171982600 
          0.18876927466365         331.81644171756119 
          0.28315391199547          37.00356707758824 
          0.37753854932730           7.60057915162778 
          0.47192318665912           1.85179558966520 
          0.56630782399095           1.11828730335509 
          0.66069246132277           0.50277896847944 
          0.75507709865460           0.35918726567139 
          0.84946173598642           0.24473930736528 
          0.94384637331825           0.12281249748411 
          1.03823101065007           0.07908498711901 
          1.13261564798190           0.06093707007914 
          1.22700028531372           0.04355196507576 
          1.32138492264555           0.02849242537489 
          1.41576955997737           0.03367027793776 
          1.51015419730920           0.02153375328353 
          1.60453883464102           0.01966619513772 
          1.69892347197285           0.01368810581913 
          1.79330810930467           0.01084892351601 
          1.88769274663650           0.01067323235863 
          1.98207738396832           0.01100093950703 
          2.07646202130015           0.00873634024111 
          2.17084665863197           0.00783193551959 
          2.26523129596380           0.00417730700824 
          2.35961593329562           0.00437427808861 
          2.45400057062745           0.00397102783353 
          2.54838520795927           0.00329788015827 
          2.64276984529110           0.00315011930818 
          2.73715448262292           0.00307900864403 
          2.83153911995475           0.00315845912781 
          2.92592375728657           0.00229895174916 
          3.02030839461840           0.00233462179074 
          3.11469303195022           0.00195053327144 
          3.20907766928205           0.00186098197729 
          3.30346230661387           0.00139178774964 
          3.39784694394570           0.00122544439063 
          3.49223158127752           0.00110016140337 
          3.58661621860935           0.00105984755827 
          3.68100085594117           0.00129457951666 
          3.77538549327300           0.00095817251650 
          3.86977013060482           0.00097625291225 
          3.96415476793665           0.00078027922555 
          4.05853940526847           0.00089523583757 
          4.15292404260030           0.00080111196529 
          4.24730867993212           0.00086830594230 
          4.34169331726395           0.00064604108243 
          4.43607795459577           0.00055291711706 
          4.53046259192760           0.00054695684772 
          4.62484722925942           0.00046073560783 
          4.71923186659125           0.00042388540718 
          4.81361650392307           0.00044026500910 
          4.90800114125490           0.00044285045976 
          5.00238577858672           0.00032438812885 
          5.09677041591855           0.00040686594553 
          5.19115505325037           0.00030238902432 
          5.28553969058220           0.00031704209298 
          5.37992432791402           0.00025545435411 
          5.47430896524585           0.00030358795535 
          5.56869360257767           0.00022148634576 
          5.66307823990950           0.00024610680024 
          5.75746287724132           0.00022189460964 
          5.85184751457315           0.00020254511145 
          5.94623215190497           0.00022212460759 
          6.04061678923680           0.00019856226448 
          6.13500142656862           0.00016495228025 
