          0.09340248709944       26408.17933365492000 
          0.18680497419889         249.63015420098202 
          0.28020746129833          29.57768173636522 
          0.37360994839778           4.98097787181307 
          0.46701243549722           0.94226984896598 
          0.56041492259666           0.62750127477991 
          0.65381740969611           0.55638107063770 
          0.74721989679555           0.26309577742649 
          0.84062238389499           0.18546552385125 
          0.93402487099444           0.07983901100798 
          1.02742735809388           0.05715607080219 
          1.12082984519333           0.06042219336405 
          1.21423233229277           0.04092682771922 
          1.30763481939221           0.02979558029088 
          1.40103730649166           0.02530203751537 
          1.49443979359110           0.01681637641627 
          1.58784228069055           0.01902396384964 
          1.68124476778999           0.01115260806853 
          1.77464725488943           0.01008536576260 
          1.86804974198888           0.00991760973044 
          1.96145222908832           0.00960086781732 
          2.05485471618776           0.00631371394150 
          2.14825720328721           0.00746126526988 
          2.24165969038665           0.00366339905575 
          2.33506217748610           0.00410314570883 
          2.42846466458554           0.00419547689454 
          2.52186715168498           0.00338196297695 
          2.61526963878443           0.00340860549104 
          2.70867212588387           0.00309637431511 
          2.80207461298331           0.00243036760245 
          2.89547710008276           0.00225775823505 
          2.98887958718220           0.00212612906235 
          3.08228207428165           0.00202835892405 
          3.17568456138109           0.00145183315014 
          3.26908704848053           0.00136950350350 
          3.36248953557998           0.00153192461232 
          3.45589202267942           0.00123213255707 
          3.54929450977887           0.00098180334771 
          3.64269699687831           0.00091680417603 
          3.73609948397775           0.00074815664387 
          3.82950197107720           0.00081039463687 
          3.92290445817664           0.00077177070767 
          4.01630694527609           0.00068716178507 
          4.10970943237553           0.00063767460872 
          4.20311191947497           0.00071058605894 
          4.29651440657442           0.00045212684884 
          4.38991689367386           0.00038861746310 
          4.48331938077330           0.00032404020989 
          4.57672186787275           0.00034344918068 
          4.67012435497219           0.00034882182388 
          4.76352684207164           0.00029254290184 
          4.85692932917108           0.00029831775871 
          4.95033181627052           0.00026338935527 
          5.04373430336997           0.00031642409200 
          5.13713679046941           0.00021194768731 
          5.23053927756885           0.00019662425541 
          5.32394176466830           0.00018793941080 
          5.41734425176774           0.00015647076213 
          5.51074673886719           0.00014495558469 
          5.60414922596663           0.00012894680420 
          5.69755171306607           0.00011947452633 
          5.79095420016552           0.00013041202633 
          5.88435668726496           0.00011686825907 
          5.97775917436441           0.00012142286676 
          6.07116166146385           0.00010802649594 
