          0.09538766217063       31740.53218057092500 
          0.19077532434127         121.35026004197444 
          0.28616298651190          50.88298437641385 
          0.38155064868253           9.37609504856569 
          0.47693831085316           2.63164314726552 
          0.57232597302380           0.91122895983732 
          0.66771363519443           0.38500822967598 
          0.76310129736506           0.26975389645442 
          0.85848895953570           0.11698394775354 
          0.95387662170633           0.07910311223914 
          1.04926428387696           0.12588081021656 
          1.14465194604759           0.06315523635951 
          1.24003960821823           0.04915683540561 
          1.33542727038886           0.03161880760296 
          1.43081493255949           0.02341184464107 
          1.52620259473013           0.02005085000962 
          1.62159025690076           0.02073086103944 
          1.71697791907139           0.01649310956154 
          1.81236558124202           0.01233968658977 
          1.90775324341266           0.01193361222763 
          2.00314090558329           0.00948975417613 
          2.09852856775392           0.00761966063541 
          2.19391622992456           0.00715686982528 
          2.28930389209519           0.00600422140759 
          2.38469155426582           0.00412571504515 
          2.48007921643645           0.00354630263421 
          2.57546687860709           0.00358176799048 
          2.67085454077772           0.00215001918355 
          2.76624220294835           0.00270078931489 
          2.86162986511899           0.00307242959335 
          2.95701752728962           0.00242904202168 
          3.05240518946025           0.00251312092781 
          3.14779285163088           0.00205538751238 
          3.24318051380152           0.00171426012689 
          3.33856817597215           0.00169740490274 
          3.43395583814278           0.00128815048001 
          3.52934350031342           0.00112032500989 
          3.62473116248405           0.00110754384531 
          3.72011882465468           0.00114122300816 
          3.81550648682531           0.00099023027752 
          3.91089414899595           0.00093943874397 
          4.00628181116658           0.00089119678313 
          4.10166947333721           0.00065857660515 
          4.19705713550785           0.00067473912563 
          4.29244479767848           0.00074134691880 
          4.38783245984911           0.00060253121184 
          4.48322012201975           0.00055989038121 
          4.57860778419038           0.00045683682174 
          4.67399544636101           0.00038704251964 
          4.76938310853164           0.00041255257650 
          4.86477077070228           0.00035120681725 
          4.96015843287291           0.00028786490047 
          5.05554609504354           0.00027605207907 
          5.15093375721418           0.00028691162485 
          5.24632141938481           0.00025043260735 
          5.34170908155544           0.00021985450372 
          5.43709674372607           0.00018928427098 
          5.53248440589671           0.00018793722059 
          5.62787206806734           0.00016471616090 
          5.72325973023797           0.00016170214793 
          5.81864739240861           0.00015832829819 
          5.91403505457924           0.00014202116847 
          6.00942271674987           0.00013659174395 
          6.10481037892050           0.00013128527131 
