          0.09057496478564       17520.16207445385200 
          0.18114992957127         121.33094024957860 
          0.27172489435691          20.86457049763524 
          0.36229985914254           2.54399284446936 
          0.45287482392818           0.92249835635814 
          0.54344978871382           0.58036496962351 
          0.63402475349945           0.43571699520484 
          0.72459971828509           0.14505919257107 
          0.81517468307073           0.18098752041721 
          0.90574964785636           0.13736147344628 
          0.99632461264200           0.08163270062492 
          1.08689957742763           0.06327600855351 
          1.17747454221327           0.03628753419597 
          1.26804950699891           0.03883710442980 
          1.35862447178454           0.02313376118024 
          1.44919943657018           0.01527375612842 
          1.53977440135582           0.01964919513981 
          1.63034936614145           0.00932928728699 
          1.72092433092709           0.00805164971318 
          1.81149929571272           0.01128918217008 
          1.90207426049836           0.00623724455681 
          1.99264922528400           0.00574149525990 
          2.08322419006963           0.00555227638544 
          2.17379915485527           0.00535871767007 
          2.26437411964091           0.00513643418035 
          2.35494908442654           0.00483157038661 
          2.44552404921218           0.00354663700818 
          2.53609901399781           0.00247170255514 
          2.62667397878345           0.00280954296257 
          2.71724894356909           0.00250881064422 
          2.80782390835472           0.00229134965244 
          2.89839887314036           0.00182779355089 
          2.98897383792600           0.00169664197879 
          3.07954880271163           0.00208479173296 
          3.17012376749727           0.00142386116953 
          3.26069873228290           0.00104225451064 
          3.35127369706854           0.00165456464118 
          3.44184866185418           0.00109738824305 
          3.53242362663981           0.00126831930996 
          3.62299859142545           0.00098297943117 
          3.71357355621109           0.00074124456931 
          3.80414852099672           0.00067020044032 
          3.89472348578236           0.00071175903779 
          3.98529845056799           0.00060791662625 
          4.07587341535363           0.00060942621136 
          4.16644838013927           0.00062362490785 
          4.25702334492490           0.00051527625535 
          4.34759830971054           0.00053249633155 
          4.43817327449618           0.00041389558836 
          4.52874823928181           0.00040451709921 
          4.61932320406745           0.00032681824591 
          4.70989816885309           0.00037584742103 
          4.80047313363872           0.00032853924142 
          4.89104809842436           0.00028050207335 
          4.98162306320999           0.00022374445849 
          5.07219802799563           0.00028053340211 
          5.16277299278127           0.00027181086811 
          5.25334795756690           0.00018645030035 
          5.34392292235254           0.00017931458351 
          5.43449788713817           0.00018108846971 
          5.52507285192381           0.00019980197893 
          5.61564781670945           0.00018346162183 
          5.70622278149508           0.00018770279910 
          5.79679774628072           0.00015084808573 
          5.88737271106636           0.00014638238401 
          5.97794767585199           0.00014367764402 
          6.06852264063763           0.00013971306745 
