          0.09852885850995       29504.82290379946100 
          0.19705771701990         211.21059505088454 
          0.29558657552985          23.35601896440839 
          0.39411543403980           4.28664298420453 
          0.49264429254976           0.75724860523878 
          0.59117315105971           0.48364845215843 
          0.68970200956966           0.24434284859328 
          0.78823086807961           0.18043345429498 
          0.88675972658956           0.11915922410463 
          0.98528858509951           0.10358020861960 
          1.08381744360946           0.05291548424211 
          1.18234630211941           0.04117748500114 
          1.28087516062937           0.03301257483792 
          1.37940401913932           0.02007847044338 
          1.47793287764927           0.01127783946371 
          1.57646173615922           0.01788710625907 
          1.67499059466917           0.01083405739260 
          1.77351945317912           0.00820047665650 
          1.87204831168907           0.00606269504158 
          1.97057717019902           0.00669589407187 
          2.06910602870897           0.00411687707709 
          2.16763488721893           0.00705017054982 
          2.26616374572888           0.00450160125434 
          2.36469260423883           0.00398758238693 
          2.46322146274878           0.00387939916459 
          2.56175032125873           0.00314719952287 
          2.66027917976868           0.00346719481569 
          2.75880803827863           0.00264869531984 
          2.85733689678858           0.00284224178638 
          2.95586575529853           0.00216865750584 
          3.05439461380849           0.00235488422337 
          3.15292347231844           0.00170038057128 
          3.25145233082839           0.00117460582788 
          3.34998118933834           0.00165488895890 
          3.44851004784829           0.00117676145946 
          3.54703890635824           0.00132177437057 
          3.64556776486819           0.00125297191643 
          3.74409662337814           0.00098990427793 
          3.84262548188810           0.00122492633409 
          3.94115434039805           0.00087751313686 
          4.03968319890800           0.00075025224831 
          4.13821205741795           0.00089505623173 
          4.23674091592790           0.00072472360338 
          4.33526977443785           0.00061198446315 
          4.43379863294780           0.00062036674461 
          4.53232749145775           0.00058128184832 
          4.63085634996771           0.00042438324302 
          4.72938520847766           0.00046404993074 
          4.82791406698761           0.00045801047859 
          4.92644292549756           0.00030277683319 
          5.02497178400751           0.00031885299501 
          5.12350064251746           0.00028154336455 
          5.22202950102741           0.00029180423285 
          5.32055835953736           0.00023381672358 
          5.41908721804731           0.00022483305302 
          5.51761607655727           0.00019801689187 
          5.61614493506722           0.00015880730295 
          5.71467379357717           0.00018912679738 
          5.81320265208712           0.00016778795617 
          5.91173151059707           0.00013912918370 
          6.01026036910702           0.00013503852054 
          6.10878922761697           0.00015214003527 
