          0.08791360440996         981.65172087874021 
          0.17582720881991         100.31939209534224 
          0.26374081322987          19.22907872485609 
          0.35165441763983           8.28296000537001 
          0.43956802204978           0.96691666301452 
          0.52748162645974           1.01372531829114 
          0.61539523086970           0.30495830856996 
          0.70330883527965           0.12255514410048 
          0.79122243968961           0.16669135829016 
          0.87913604409956           0.08567799721119 
          0.96704964850952           0.09318401171185 
          1.05496325291948           0.05428259372381 
          1.14287685732943           0.03905251877480 
          1.23079046173939           0.02570215689222 
          1.31870406614935           0.02244504026260 
          1.40661767055930           0.01644029062238 
          1.49453127496926           0.01474241449148 
          1.58244487937922           0.01242705595462 
          1.67035848378917           0.01030123883476 
          1.75827208819913           0.00795311969578 
          1.84618569260909           0.00655765212490 
          1.93409929701904           0.00636746914970 
          2.02201290142900           0.00568395152524 
          2.10992650583895           0.00444063267814 
          2.19784011024891           0.00370846367788 
          2.28575371465887           0.00348965337916 
          2.37366731906882           0.00288055116044 
          2.46158092347878           0.00206232401253 
          2.54949452788874           0.00235462448229 
          2.63740813229869           0.00190095466470 
          2.72532173670865           0.00140228690705 
          2.81323534111861           0.00162069498858 
          2.90114894552856           0.00178378729809 
          2.98906254993852           0.00115105087239 
          3.07697615434848           0.00105928684655 
          3.16488975875843           0.00118969587035 
          3.25280336316839           0.00116867482583 
          3.34071696757834           0.00086389431809 
          3.42863057198830           0.00075672445513 
          3.51654417639826           0.00074313461363 
          3.60445778080821           0.00050017332819 
          3.69237138521817           0.00052836629993 
          3.78028498962813           0.00046685254992 
          3.86819859403808           0.00041212696446 
          3.95611219844804           0.00041180897654 
          4.04402580285800           0.00039897327444 
          4.13193940726795           0.00030198221113 
          4.21985301167791           0.00029701510033 
          4.30776661608787           0.00028454215828 
          4.39568022049782           0.00025485942258 
          4.48359382490778           0.00018888306814 
          4.57150742931773           0.00016781568468 
          4.65942103372769           0.00015426856966 
          4.74733463813765           0.00016443528868 
          4.83524824254760           0.00012964794358 
          4.92316184695756           0.00010826294925 
          5.01107545136752           0.00010061414698 
          5.09898905577747           0.00008807724453 
          5.18690266018743           0.00008312990166 
          5.27481626459739           0.00005817255348 
          5.36272986900734           0.00007227826688 
          5.45064347341730           0.00006750316599 
          5.53855707782726           0.00005111281479 
          5.62647068223721           0.00005085683196 
          5.71438428664717           0.00004762416773 
          5.80229789105713           0.00004461554908 
          5.89021149546708           0.00003661307312 
          5.97812509987704           0.00003460391330 
          6.06603870428699           0.00004117433925 
