          0.04465661199133       22156.62729819861900 
          0.08931322398265        6064.17779483160940 
          0.13396983597398        2104.24757879103940 
          0.17862644796530         509.65432743201075 
          0.22328305995663         249.87599140572939 
          0.26793967194796         193.66994752912990 
          0.31259628393928         110.89071321684636 
          0.35725289593061          86.61329425724406 
          0.40190950792194          63.17713913226610 
          0.44656611991326          39.92799933760036 
          0.49122273190459          37.95870051907713 
          0.53587934389591          32.31407571586769 
          0.58053595588724          14.97440310567940 
          0.62519256787857          14.30469654738584 
          0.66984917986989          15.12421782177478 
          0.71450579186122          13.25795321172949 
          0.75916240385254           6.76879211665745 
          0.80381901584387           5.77393816015723 
          0.84847562783520           6.10183308199598 
          0.89313223982652           5.79818245200445 
          0.93778885181785           2.92825740802462 
          0.98244546380917           3.21329186028404 
          1.02710207580050           2.91186691337109 
          1.07175868779183           2.39589059044852 
          1.11641529978315           1.99785305255695 
          1.16107191177448           1.76459875654314 
          1.20572852376581           1.69118387383466 
          1.25038513575713           1.58802660048617 
          1.29504174774846           1.18384892650995 
          1.33969835973978           1.23130899358330 
          1.38435497173111           1.09420618451570 
          1.42901158372244           0.93931335573986 
          1.47366819571376           0.86956154868022 
          1.51832480770509           0.78621694428167 
          1.56298141969641           0.78879252359134 
          1.60763803168774           0.69550917744392 
          1.65229464367907           0.56635963392461 
          1.69695125567039           0.54674470811630 
          1.74160786766172           0.57632246077152 
          1.78626447965305           0.47746111481352 
          1.83092109164437           0.44146428838346 
          1.87557770363570           0.46160813044386 
          1.92023431562702           0.34178826031054 
          1.96489092761835           0.40417751577603 
          2.00954753960968           0.36242993428111 
          2.05420415160100           0.34222106802234 
          2.09886076359233           0.31656097625226 
          2.14351737558365           0.25787622182980 
          2.18817398757498           0.30987821189972 
          2.23283059956631           0.26493245656100 
          2.27748721155763           0.22876468622319 
          2.32214382354896           0.24702906985758 
          2.36680043554029           0.22479707145962 
          2.41145704753161           0.23167584824913 
          2.45611365952294           0.18736295005073 
          2.50077027151426           0.18451437137265 
          2.54542688350559           0.19045764856854 
          2.59008349549692           0.18630212052727 
          2.63474010748824           0.15719073283632 
          2.67939671947957           0.15158844786157 
          2.72405333147089           0.15521052999475 
          2.76870994346222           0.15064128051943 
          2.81336655545355           0.14124370582072 
          2.85802316744487           0.12919880786813 
          2.90267977943620           0.12422530221398 
          2.94733639142753           0.14276926531546 
          2.99199300341885           0.11355212100824 
          3.03664961541018           0.10416608838618 
          3.08130622740150           0.11734599913993 
          3.12596283939283           0.10981402201495 
          3.17061945138416           0.10841268362979 
          3.21527606337548           0.08274833019857 
          3.25993267536681           0.09785325588759 
          3.30458928735813           0.09699955612980 
          3.34924589934946           0.08374525758421 
          3.39390251134079           0.07934041030296 
          3.43855912333211           0.08382883068730 
          3.48321573532344           0.08570549268275 
          3.52787234731476           0.07525332923091 
          3.57252895930609           0.06890038351001 
          3.61718557129742           0.07588369546572 
          3.66184218328874           0.07117987644047 
          3.70649879528007           0.06821053095887 
          3.75115540727140           0.06256776495131 
          3.79581201926272           0.06490348775762 
          3.84046863125405           0.06416995050562 
          3.88512524324537           0.06072727427144 
          3.92978185523670           0.05912564779429 
          3.97443846722803           0.05463918930520 
          4.01909507921935           0.06097145277507 
          4.06375169121068           0.05430049600825 
          4.10840830320200           0.05212697216479 
          4.15306491519333           0.05226580867303 
          4.19772152718466           0.05206162400210 
          4.24237813917598           0.05326060401209 
          4.28703475116731           0.04653521309099 
          4.33169136315863           0.04738250660136 
          4.37634797514996           0.04935891154063 
          4.42100458714129           0.04512322381378 
          4.46566119913261           0.04460225344184 
          4.51031781112394           0.04181601333065 
          4.55497442311527           0.04574142484957 
          4.59963103510659           0.04430080371681 
          4.64428764709792           0.03824480583887 
          4.68894425908924           0.04079238451940 
          4.73360087108057           0.04123403866813 
          4.77825748307190           0.03988197487936 
          4.82291409506322           0.03592638603618 
          4.86757070705455           0.03767319288126 
          4.91222731904587           0.04048327357474 
          4.95688393103720           0.03536487917450 
          5.00154054302853           0.03344397210814 
          5.04619715501985           0.03546693460348 
          5.09085376701118           0.03535048457310 
          5.13551037900251           0.03557437074037 
          5.18016699099383           0.03188419374579 
          5.22482360298516           0.03185341128172 
          5.26948021497648           0.03506097958470 
          5.31413682696781           0.03243549879300 
          5.35879343895914           0.02966701663800 
          5.40345005095046           0.03193351301407 
          5.44810666294179           0.03217172535816 
          5.49276327493311           0.03024386627154 
          5.53741988692444           0.02909529392485 
          5.58207649891577           0.02734424930937 
          5.62673311090709           0.03426763838102 
          5.67138972289842           0.02896971014652 
          5.71604633488974           0.02642253495674 
          5.76070294688107           0.02873889190736 
          5.80535955887240           0.02875478184860 
          5.85001617086372           0.03006729348503 
          5.89467278285505           0.02527518625866 
          5.93932939484638           0.02520207776667 
          5.98398600683770           0.03110315016624 
          6.02864261882903           0.02704695162985 
          6.07329923082035           0.02525868766494 
          6.11795584281168           0.02511379246450 
          6.16261245480301           0.02750262078798 
          6.20726906679433           0.02851763194525 
