          0.08791360440996       21107.27893221116800 
          0.17582720881991         113.72460744656895 
          0.26374081322987           9.83470795302624 
          0.35165441763983           2.95330347000891 
          0.43956802204978           0.93696755215514 
          0.52748162645974           0.51005250139917 
          0.61539523086970           0.44012614143387 
          0.70330883527965           0.21889706815769 
          0.79122243968961           0.17243448220528 
          0.87913604409956           0.07631634967730 
          0.96704964850952           0.07545592666795 
          1.05496325291948           0.04092796424518 
          1.14287685732943           0.03629996512930 
          1.23079046173939           0.02578157830961 
          1.31870406614935           0.01746552369629 
          1.40661767055930           0.01487379142480 
          1.49453127496926           0.01248687498408 
          1.58244487937922           0.00968698974996 
          1.67035848378917           0.00861205659304 
          1.75827208819913           0.01021921856628 
          1.84618569260909           0.00846452555228 
          1.93409929701904           0.00689478473824 
          2.02201290142900           0.00465003060607 
          2.10992650583895           0.00421344103157 
          2.19784011024891           0.00411367451143 
          2.28575371465887           0.00214286925084 
          2.37366731906882           0.00330050296338 
          2.46158092347878           0.00250298396726 
          2.54949452788874           0.00196331317926 
          2.63740813229869           0.00188675204082 
          2.72532173670865           0.00162227300377 
          2.81323534111861           0.00158626097240 
          2.90114894552856           0.00134788214847 
          2.98906254993852           0.00132029612255 
          3.07697615434848           0.00134377594983 
          3.16488975875843           0.00095435894202 
          3.25280336316839           0.00081467207350 
          3.34071696757834           0.00081514845580 
          3.42863057198830           0.00067253683796 
          3.51654417639826           0.00072390991001 
          3.60445778080821           0.00054616150349 
          3.69237138521817           0.00065525454013 
          3.78028498962813           0.00061342869076 
          3.86819859403808           0.00039292765079 
          3.95611219844804           0.00035373722168 
          4.04402580285800           0.00036827056968 
          4.13193940726795           0.00035877832316 
          4.21985301167791           0.00028826677949 
          4.30776661608787           0.00029290906786 
          4.39568022049782           0.00024651640816 
          4.48359382490778           0.00018590025795 
          4.57150742931773           0.00022126804155 
          4.65942103372769           0.00018987728509 
          4.74733463813765           0.00016507877697 
          4.83524824254760           0.00013916139730 
          4.92316184695756           0.00017062148445 
          5.01107545136752           0.00014713748871 
          5.09898905577747           0.00014597893337 
          5.18690266018743           0.00012240671285 
          5.27481626459739           0.00010658751069 
          5.36272986900734           0.00010238698002 
          5.45064347341730           0.00009903785288 
          5.53855707782726           0.00009639855854 
          5.62647068223721           0.00010572077691 
          5.71438428664717           0.00009368381741 
          5.80229789105713           0.00008887650239 
          5.89021149546708           0.00009859340383 
          5.97812509987704           0.00008846954420 
          6.06603870428699           0.00008495070258 
