          0.08791360440996       25087.76234215168400 
          0.17582720881991         134.29485167782155 
          0.26374081322987           8.22477307983481 
          0.35165441763983           1.53507108032562 
          0.43956802204978           1.23435326539493 
          0.52748162645974           0.19370351590292 
          0.61539523086970           0.26459368080499 
          0.70330883527965           0.15522229009551 
          0.79122243968961           0.07433080472890 
          0.87913604409956           0.07978206473958 
          0.96704964850952           0.05517304061405 
          1.05496325291948           0.03177717254654 
          1.14287685732943           0.03400833917056 
          1.23079046173939           0.02353772790804 
          1.31870406614935           0.01298938996788 
          1.40661767055930           0.01085378526831 
          1.49453127496926           0.01215870652753 
          1.58244487937922           0.00718692611287 
          1.67035848378917           0.00671145935341 
          1.75827208819913           0.00467486873607 
          1.84618569260909           0.00520876858440 
          1.93409929701904           0.00399078309884 
          2.02201290142900           0.00287104195381 
          2.10992650583895           0.00186979312480 
          2.19784011024891           0.00252652229055 
          2.28575371465887           0.00234776660024 
          2.37366731906882           0.00186344559213 
          2.46158092347878           0.00161388521128 
          2.54949452788874           0.00137585711029 
          2.63740813229869           0.00125718699532 
          2.72532173670865           0.00101555176950 
          2.81323534111861           0.00116999853503 
          2.90114894552856           0.00092776926890 
          2.98906254993852           0.00094633558959 
          3.07697615434848           0.00056912242733 
          3.16488975875843           0.00071232727784 
          3.25280336316839           0.00063326771440 
          3.34071696757834           0.00052922048826 
          3.42863057198830           0.00041607950534 
          3.51654417639826           0.00049984742303 
          3.60445778080821           0.00049369065675 
          3.69237138521817           0.00033838750577 
          3.78028498962813           0.00036605797746 
          3.86819859403808           0.00028733560810 
          3.95611219844804           0.00024349961332 
          4.04402580285800           0.00023131381302 
          4.13193940726795           0.00023352332379 
          4.21985301167791           0.00020424567945 
          4.30776661608787           0.00017324610651 
          4.39568022049782           0.00018325819305 
          4.48359382490778           0.00014908422888 
          4.57150742931773           0.00012987641175 
          4.65942103372769           0.00013397945189 
          4.74733463813765           0.00011425943602 
          4.83524824254760           0.00011776855367 
          4.92316184695756           0.00011345565843 
          5.01107545136752           0.00009284474506 
          5.09898905577747           0.00009328802953 
          5.18690266018743           0.00007941925381 
          5.27481626459739           0.00008481127782 
          5.36272986900734           0.00007122564281 
          5.45064347341730           0.00006672072952 
          5.53855707782726           0.00006680101158 
          5.62647068223721           0.00007445040989 
          5.71438428664717           0.00006280007984 
          5.80229789105713           0.00006142781749 
          5.89021149546708           0.00005258409045 
          5.97812509987704           0.00004683095712 
          6.06603870428699           0.00005257288842 
