          0.08791360440996       20078.73056631822700 
          0.17582720881991         122.09870624796764 
          0.26374081322987          25.43126744990915 
          0.35165441763983           3.96605285971940 
          0.43956802204978           2.09678146816039 
          0.52748162645974           1.23910333961223 
          0.61539523086970           0.66114965361304 
          0.70330883527965           0.23321292382553 
          0.79122243968961           0.30125740326456 
          0.87913604409956           0.11283186526564 
          0.96704964850952           0.07174660174059 
          1.05496325291948           0.06406998608930 
          1.14287685732943           0.05392426427218 
          1.23079046173939           0.04640338415890 
          1.31870406614935           0.03408380160795 
          1.40661767055930           0.02412915881439 
          1.49453127496926           0.02074405803646 
          1.58244487937922           0.01832523562407 
          1.67035848378917           0.01317070468481 
          1.75827208819913           0.01239902167487 
          1.84618569260909           0.00876679716248 
          1.93409929701904           0.00702102717702 
          2.02201290142900           0.00722054500769 
          2.10992650583895           0.00574603733136 
          2.19784011024891           0.00414667309638 
          2.28575371465887           0.00400708121269 
          2.37366731906882           0.00427492281480 
          2.46158092347878           0.00336119803340 
          2.54949452788874           0.00356689872711 
          2.63740813229869           0.00349168532030 
          2.72532173670865           0.00238100689304 
          2.81323534111861           0.00183749204950 
          2.90114894552856           0.00161589360007 
          2.98906254993852           0.00175502359164 
          3.07697615434848           0.00175101475003 
          3.16488975875843           0.00126255564249 
          3.25280336316839           0.00135403275183 
          3.34071696757834           0.00123421740566 
          3.42863057198830           0.00115471640895 
          3.51654417639826           0.00103491486386 
          3.60445778080821           0.00076573559950 
          3.69237138521817           0.00077785862975 
          3.78028498962813           0.00083786824951 
          3.86819859403808           0.00070185665739 
          3.95611219844804           0.00065461059573 
          4.04402580285800           0.00057649885671 
          4.13193940726795           0.00049002433562 
          4.21985301167791           0.00057629147278 
          4.30776661608787           0.00041540439712 
          4.39568022049782           0.00043520788296 
          4.48359382490778           0.00037841922866 
          4.57150742931773           0.00036846364626 
          4.65942103372769           0.00029413334001 
          4.74733463813765           0.00035215076068 
          4.83524824254760           0.00026882046282 
          4.92316184695756           0.00027458397237 
          5.01107545136752           0.00024748035744 
          5.09898905577747           0.00023217643653 
          5.18690266018743           0.00024259394223 
          5.27481626459739           0.00019759427259 
          5.36272986900734           0.00019340811086 
          5.45064347341730           0.00018462959511 
          5.53855707782726           0.00019318636632 
          5.62647068223721           0.00016860711666 
          5.71438428664717           0.00016652093200 
          5.80229789105713           0.00015510465352 
          5.89021149546708           0.00015594348580 
          5.97812509987704           0.00013804339328 
          6.06603870428699           0.00015017460631 
