          0.08791360440996       23236.56020034521900 
          0.17582720881991         140.28910409372557 
          0.26374081322987          12.40262467967745 
          0.35165441763983           2.44461989994629 
          0.43956802204978           1.23641619437168 
          0.52748162645974           0.52074977665969 
          0.61539523086970           0.38859213654385 
          0.70330883527965           0.12661286591778 
          0.79122243968961           0.12163159518565 
          0.87913604409956           0.10686278020914 
          0.96704964850952           0.04721952798218 
          1.05496325291948           0.03835258309581 
          1.14287685732943           0.02909459473411 
          1.23079046173939           0.01471212699329 
          1.31870406614935           0.01376695718453 
          1.40661767055930           0.01427372301077 
          1.49453127496926           0.00932744362678 
          1.58244487937922           0.00824748009287 
          1.67035848378917           0.00893962928390 
          1.75827208819913           0.00762808620178 
          1.84618569260909           0.00536291813354 
          1.93409929701904           0.00487307627712 
          2.02201290142900           0.00343286700686 
          2.10992650583895           0.00326506588685 
          2.19784011024891           0.00323110274590 
          2.28575371465887           0.00305676274295 
          2.37366731906882           0.00228148307617 
          2.46158092347878           0.00190246985715 
          2.54949452788874           0.00211049824828 
          2.63740813229869           0.00175954208357 
          2.72532173670865           0.00123878088767 
          2.81323534111861           0.00132208910943 
          2.90114894552856           0.00103396459410 
          2.98906254993852           0.00115811985968 
          3.07697615434848           0.00109869193048 
          3.16488975875843           0.00069641182288 
          3.25280336316839           0.00076982021210 
          3.34071696757834           0.00059279734905 
          3.42863057198830           0.00061009965837 
          3.51654417639826           0.00044394063172 
          3.60445778080821           0.00059101441492 
          3.69237138521817           0.00045034772962 
          3.78028498962813           0.00042583244488 
          3.86819859403808           0.00027632063218 
          3.95611219844804           0.00031439885609 
          4.04402580285800           0.00024944578834 
          4.13193940726795           0.00023368062267 
          4.21985301167791           0.00027765758214 
          4.30776661608787           0.00019730130987 
          4.39568022049782           0.00019136528374 
          4.48359382490778           0.00018994222464 
          4.57150742931773           0.00017561711754 
          4.65942103372769           0.00015867926392 
          4.74733463813765           0.00016561757680 
          4.83524824254760           0.00012432266929 
          4.92316184695756           0.00014500000840 
          5.01107545136752           0.00010579781341 
          5.09898905577747           0.00010474772331 
          5.18690266018743           0.00011090199183 
          5.27481626459739           0.00010133952499 
          5.36272986900734           0.00009085511776 
          5.45064347341730           0.00009957415439 
          5.53855707782726           0.00008525852703 
          5.62647068223721           0.00008627155595 
          5.71438428664717           0.00008140114274 
          5.80229789105713           0.00008111942690 
          5.89021149546708           0.00007781574973 
          5.97812509987704           0.00007670147974 
          6.06603870428699           0.00008017811759 
