          0.08791360440996       27392.84786836612300 
          0.17582720881991          72.46019134098610 
          0.26374081322987          14.12547692443646 
          0.35165441763983           2.42036946438112 
          0.43956802204978           0.47957398604761 
          0.52748162645974           0.29633488879132 
          0.61539523086970           0.14638386539416 
          0.70330883527965           0.14272525684866 
          0.79122243968961           0.09088886257265 
          0.87913604409956           0.04510031899080 
          0.96704964850952           0.05737039955119 
          1.05496325291948           0.02381270034334 
          1.14287685732943           0.02309788433788 
          1.23079046173939           0.01881523509929 
          1.31870406614935           0.01711972154987 
          1.40661767055930           0.01025139393402 
          1.49453127496926           0.00701608999446 
          1.58244487937922           0.00897352950147 
          1.67035848378917           0.00678299126912 
          1.75827208819913           0.00419869671701 
          1.84618569260909           0.00340943606870 
          1.93409929701904           0.00367513410933 
          2.02201290142900           0.00275953664927 
          2.10992650583895           0.00198713319114 
          2.19784011024891           0.00146946354416 
          2.28575371465887           0.00162034826037 
          2.37366731906882           0.00174527798091 
          2.46158092347878           0.00159915164615 
          2.54949452788874           0.00149583659193 
          2.63740813229869           0.00154884303538 
          2.72532173670865           0.00121790461129 
          2.81323534111861           0.00121513277828 
          2.90114894552856           0.00084500040565 
          2.98906254993852           0.00098195549022 
          3.07697615434848           0.00070294632112 
          3.16488975875843           0.00076524148371 
          3.25280336316839           0.00070711353070 
          3.34071696757834           0.00071397865385 
          3.42863057198830           0.00058034732992 
          3.51654417639826           0.00062534325135 
          3.60445778080821           0.00053182063183 
          3.69237138521817           0.00047452049053 
          3.78028498962813           0.00045194142658 
          3.86819859403808           0.00041554572420 
          3.95611219844804           0.00040404898974 
          4.04402580285800           0.00038767573048 
          4.13193940726795           0.00036388890800 
          4.21985301167791           0.00031594187561 
          4.30776661608787           0.00024165512297 
          4.39568022049782           0.00025127485556 
          4.48359382490778           0.00024423803665 
          4.57150742931773           0.00025984497486 
          4.65942103372769           0.00021985181303 
          4.74733463813765           0.00023510550994 
          4.83524824254760           0.00021803607692 
          4.92316184695756           0.00023771630939 
          5.01107545136752           0.00019556388529 
          5.09898905577747           0.00019514295150 
          5.18690266018743           0.00019443634246 
          5.27481626459739           0.00017869250509 
          5.36272986900734           0.00018339562107 
          5.45064347341730           0.00016727644424 
          5.53855707782726           0.00016937661438 
          5.62647068223721           0.00017017633235 
          5.71438428664717           0.00016388210734 
          5.80229789105713           0.00017840545734 
          5.89021149546708           0.00017044817295 
          5.97812509987704           0.00015121811263 
          6.06603870428699           0.00016335020518 
