          0.04465661199133      226984.75480839924000 
          0.08931322398265      454496.10795239027000 
          0.13396983597398       94694.41692399764700 
          0.17862644796530       49714.65104169192600 
          0.22328305995663       19037.08451185682500 
          0.26793967194796       17427.25385303922700 
          0.31259628393928        8105.22890331154390 
          0.35725289593061        5996.01552098410870 
          0.40190950792194        4629.47907941618090 
          0.44656611991326        3134.89855301757370 
          0.49122273190459        2681.84531472062960 
          0.53587934389591        1914.94818796141700 
          0.58053595588724        1341.16532990527460 
          0.62519256787857        1258.49801222689890 
          0.66984917986989         970.92434815915840 
          0.71450579186122         888.09199337339624 
          0.75916240385254         632.87358161319185 
          0.80381901584387         551.57534580806464 
          0.84847562783520         498.57529235595956 
          0.89313223982652         439.84177624462313 
          0.93778885181785         340.02528841125962 
          0.98244546380917         332.99187793305344 
          1.02710207580050         293.48784132233931 
          1.07175868779183         247.58918889539697 
          1.11641529978315         214.63698952353241 
          1.16107191177448         180.85923190344474 
          1.20572852376581         185.52041907083395 
          1.25038513575713         168.80359218425943 
          1.29504174774846         138.32470946277581 
          1.33969835973978         130.29523565056027 
          1.38435497173111         111.44669200785330 
          1.42901158372244         111.11114920875612 
          1.47366819571376          99.10421958672211 
          1.51832480770509          84.79702405377945 
          1.56298141969641          89.10105340252794 
          1.60763803168774          76.65614428961328 
          1.65229464367907          72.06192702602129 
          1.69695125567039          61.56367006845542 
          1.74160786766172          62.32459518951848 
          1.78626447965305          60.05735274449710 
          1.83092109164437          50.32608723718443 
          1.87557770363570          50.53901521773149 
          1.92023431562702          43.54856774836743 
          1.96489092761835          43.83135598199637 
          2.00954753960968          42.51826062791305 
          2.05420415160100          37.92195956425238 
          2.09886076359233          36.82105181736529 
          2.14351737558365          32.80249888549506 
          2.18817398757498          32.77811103346728 
          2.23283059956631          28.98769594435082 
          2.27748721155763          28.31957591240235 
          2.32214382354896          28.68847106034743 
          2.36680043554029          25.25657825413799 
          2.41145704753161          25.94770864885100 
          2.45611365952294          21.65483895075604 
          2.50077027151426          22.66172975585248 
          2.54542688350559          21.34926457627068 
          2.59008349549692          20.58995109466380 
          2.63474010748824          19.27045800977463 
          2.67939671947957          17.88409332245641 
          2.72405333147089          17.75158280971834 
          2.76870994346222          16.82566517621830 
          2.81336655545355          16.02263674694390 
          2.85802316744487          16.33100909474092 
          2.90267977943620          14.18775741982834 
          2.94733639142753          14.90720447078276 
          2.99199300341885          13.84552301546416 
          3.03664961541018          12.50837199412480 
          3.08130622740150          13.56407074012474 
          3.12596283939283          12.05585162222845 
          3.17061945138416          12.43969099037970 
          3.21527606337548          10.89171793423177 
          3.25993267536681          11.05573134867735 
          3.30458928735813          10.69040671071561 
          3.34924589934946          10.30420986928632 
          3.39390251134079          10.03371677466693 
          3.43855912333211           9.55986701689381 
          3.48321573532344           9.54701616043101 
          3.52787234731476           9.24792816635138 
          3.57252895930609           8.62128935417948 
          3.61718557129742           8.68129013062522 
          3.66184218328874           7.96520075808533 
          3.70649879528007           8.55089851585964 
          3.75115540727140           7.70079868887826 
          3.79581201926272           7.42375883885813 
          3.84046863125405           7.45228333211270 
          3.88512524324537           7.22750721704743 
          3.92978185523670           7.40485667809025 
          3.97443846722803           6.41928242225706 
          4.01909507921935           6.89860734051768 
          4.06375169121068           6.52675801193536 
          4.10840830320200           6.32722125648023 
          4.15306491519333           6.24888042630782 
          4.19772152718466           5.93863920233407 
          4.24237813917598           6.11835193471290 
          4.28703475116731           5.84926126305709 
          4.33169136315863           5.47706133398045 
          4.37634797514996           5.64881963148170 
          4.42100458714129           5.28219409070258 
          4.46566119913261           5.48445725971788 
          4.51031781112394           4.98166310557896 
          4.55497442311527           5.14912655204170 
          4.59963103510659           5.17631117285864 
          4.64428764709792           4.76417390491819 
          4.68894425908924           4.97478317023410 
          4.73360087108057           4.55509305051664 
          4.77825748307190           4.62306847330847 
          4.82291409506322           4.66485194435319 
          4.86757070705455           4.53844560698017 
          4.91222731904587           4.42077220629444 
          4.95688393103720           4.17163236256271 
          5.00154054302853           4.32543947498634 
          5.04619715501985           4.20373714414255 
          5.09085376701118           3.94890603698263 
          5.13551037900251           4.09135088254508 
          5.18016699099383           4.10631470613143 
          5.22482360298516           3.93312706392651 
          5.26948021497648           3.83039539618967 
          5.31413682696781           3.80971374031785 
          5.35879343895914           3.80254949498024 
          5.40345005095046           3.85265160612605 
          5.44810666294179           3.65550623159440 
          5.49276327493311           3.42977056215924 
          5.53741988692444           3.72203408142839 
          5.58207649891577           3.44659928381779 
          5.62673311090709           3.69019666137759 
          5.67138972289842           3.38509783616356 
          5.71604633488974           3.35666321504645 
          5.76070294688107           3.49468173555911 
          5.80535955887240           3.26206270177389 
          5.85001617086372           3.39103153646638 
          5.89467278285505           3.16806357024026 
          5.93932939484638           3.21617137639287 
          5.98398600683770           3.41362968624709 
          6.02864261882903           3.07873877195883 
          6.07329923082035           3.18756857011684 
          6.11795584281168           3.10811236554002 
          6.16261245480301           3.13383287983460 
          6.20726906679433           3.16770852337740 
