          0.02982052827328     1238174.77323027330000 
          0.05964105654656     1041444.48593718860000 
          0.08946158481983      133923.48247265283000 
          0.11928211309311      138839.99808254739000 
          0.14910264136639       29165.14774958298900 
          0.17892316963967       26132.14691537313000 
          0.20874369791294       18231.13911192068600 
          0.23856422618622        9137.91465440594400 
          0.26838475445950        7728.31650539564360 
          0.29820528273278        6869.68898101367180 
          0.32802581100605        3917.45463439340530 
          0.35784633927933        3113.70674834467490 
          0.38766686755261        2748.87054413387660 
          0.41748739582589        1892.04303962854690 
          0.44730792409916        1672.69846406501320 
          0.47712845237244        1691.46856129046020 
          0.50694898064572        1028.29510968402610 
          0.53676950891900         925.78563541895051 
          0.56659003719227         939.86646902700170 
          0.59641056546555         716.33954227451147 
          0.62623109373883         550.74043747534836 
          0.65605162201211         658.40670039783038 
          0.68587215028538         429.72890724455993 
          0.71569267855866         460.50461203657886 
          0.74551320683194         351.45584379665064 
          0.77533373510522         295.65036756455072 
          0.80515426337849         325.88892308651293 
          0.83497479165177         276.67554704922537 
          0.86479531992505         219.94404554001989 
          0.89461584819833         229.32412367405871 
          0.92443637647161         181.56245699100253 
          0.95425690474488         178.33192760078401 
          0.98407743301816         166.37058256847587 
          1.01389796129144         143.58108724098065 
          1.04371848956472         139.59661348385697 
          1.07353901783799         130.44562704378038 
          1.10335954611127         119.31913696541972 
          1.13318007438455          99.03387542134912 
          1.16300060265783         103.32344178944273 
          1.19282113093110          98.42186950577545 
          1.22264165920438          82.58141613488338 
          1.25246218747766          85.08561489250847 
          1.28228271575094          68.01466887270240 
          1.31210324402421          73.22616543383458 
          1.34192377229749          71.04391910099763 
          1.37174430057077          57.15797642430291 
          1.40156482884405          62.83611547373936 
          1.43138535711732          52.74663643525224 
          1.46120588539060          50.61272910977088 
          1.49102641366388          48.02552318732711 
          1.52084694193716          44.87066451521108 
          1.55066747021043          44.53937147314545 
          1.58048799848371          41.37388609603049 
          1.61030852675699          40.26802861425159 
          1.64012905503027          33.80547146290625 
          1.66994958330354          36.68602483788895 
          1.69977011157682          32.92881638030544 
          1.72959063985010          31.52152365959493 
          1.75941116812338          31.37320186429957 
          1.78923169639665          26.99122525746497 
          1.81905222466993          27.55866414115990 
          1.84887275294321          26.47757968942452 
          1.87869328121649          24.43420810247437 
          1.90851380948977          24.85515642251985 
          1.93833433776304          22.48518496224330 
          1.96815486603632          21.59911925843172 
          1.99797539430960          21.80564087767624 
          2.02779592258288          19.06242369265484 
          2.05761645085615          19.81752963419005 
          2.08743697912943          18.54419599787943 
          2.11725750740271          18.87294209557697 
          2.14707803567599          15.94201253283436 
          2.17689856394926          16.54899951331058 
          2.20671909222254          16.23342545450137 
          2.23653962049582          14.83999414193518 
          2.26636014876910          14.89544416795055 
          2.29618067704237          14.17759401462617 
          2.32600120531565          13.71239057689210 
          2.35582173358893          13.72373767938074 
          2.38564226186221          12.34572582749243 
          2.41546279013548          12.45133820026890 
          2.44528331840876          11.77365926792867 
          2.47510384668204          11.97721512134727 
          2.50492437495532          10.81410809855652 
          2.53474490322859          11.02695402551424 
          2.56456543150187          10.20535661838250 
          2.59438595977515          10.07704785047837 
          2.62420648804843          10.77743034089141 
          2.65402701632171           8.69260538222142 
          2.68384754459498           9.60681802508117 
          2.71366807286826           9.18287265623909 
          2.74348860114154           8.51447373029218 
          2.77330912941482           8.62092229215228 
          2.80312965768809           8.22750024347192 
          2.83295018596137           8.02035570716959 
          2.86277071423465           8.06525847908118 
          2.89259124250793           7.38570155125976 
          2.92241177078120           7.33929054091831 
          2.95223229905448           7.18529122633537 
          2.98205282732776           7.21615386345078 
          3.01187335560104           6.44494174035571 
          3.04169388387431           6.87817004799135 
          3.07151441214759           6.62780651955732 
          3.10133494042087           6.15302231426453 
          3.13115546869415           6.52046509363549 
          3.16097599696742           5.69880006786050 
          3.19079652524070           5.88397749679934 
          3.22061705351398           6.06786837638942 
          3.25043758178726           5.50047453260248 
          3.28025811006053           5.59449404193603 
          3.31007863833381           5.26109351168786 
          3.33989916660709           5.26118519773127 
          3.36971969488037           5.11396955752522 
          3.39954022315364           4.93368070680717 
          3.42936075142692           4.86350554316651 
          3.45918127970020           4.94219276714969 
          3.48900180797348           4.75322311724067 
          3.51882233624675           4.49990328494049 
          3.54864286452003           4.50581150703106 
          3.57846339279331           4.49759169255042 
          3.60828392106659           4.39163627835521 
          3.63810444933987           4.31501684022881 
          3.66792497761314           3.91186871691729 
          3.69774550588642           4.19590145515992 
          3.72756603415970           3.95270931807067 
          3.75738656243298           4.15820042829548 
          3.78720709070625           3.69814289078065 
          3.81702761897953           3.79706434111403 
          3.84684814725281           3.81763977047796 
          3.87666867552609           3.51476682703605 
          3.90648920379936           3.73797267307129 
          3.93630973207264           3.36763886795630 
          3.96613026034592           3.41954452917770 
          3.99595078861920           3.65136271749569 
          4.02577131689247           3.20640285026315 
          4.05559184516575           3.29532141342049 
          4.08541237343903           3.26697103997382 
          4.11523290171231           3.14884814129193 
          4.14505342998558           3.23857338010259 
          4.17487395825886           3.02774701383643 
          4.20469448653214           3.02671445041307 
          4.23451501480542           3.02544467021613 
          4.26433554307869           2.97227346019399 
          4.29415607135197           2.82573321292854 
          4.32397659962525           2.83820508960773 
          4.35379712789853           2.85664749529946 
          4.38361765617181           2.77054887955122 
          4.41343818444508           2.72587354618448 
          4.44325871271836           2.67221670864622 
          4.47307924099164           2.61803592811884 
          4.50289976926492           2.76933350139961 
          4.53272029753819           2.49661136158549 
          4.56254082581147           2.60894977986013 
          4.59236135408475           2.45472210018664 
          4.62218188235803           2.51704370760332 
          4.65200241063130           2.46201845970184 
          4.68182293890458           2.38074201546280 
          4.71164346717786           2.44382769988199 
          4.74146399545114           2.37724026108073 
          4.77128452372441           2.35764055755558 
          4.80110505199769           2.19148017609180 
          4.83092558027097           2.27452478159273 
          4.86074610854425           2.34552036686134 
          4.89056663681752           2.17773476384985 
          4.92038716509080           2.23465470151286 
          4.95020769336408           2.11210046891869 
          4.98002822163736           2.18335593725984 
          5.00984874991063           2.20707793551160 
          5.03966927818391           2.05937639471725 
          5.06948980645719           2.04233753238271 
          5.09931033473047           2.08473646189109 
          5.12913086300374           2.06592795780168 
          5.15895139127702           1.96821307048783 
          5.18877191955030           1.99868393124780 
          5.21859244782358           2.00809482978189 
          5.24841297609685           1.94342661588018 
          5.27823350437013           2.02485195648180 
          5.30805403264341           1.84783388959191 
          5.33787456091669           1.89429695987748 
          5.36769508918997           1.95034328704710 
          5.39751561746324           1.84288318787274 
          5.42733614573652           1.82612528855449 
          5.45715667400980           1.81923526746587 
          5.48697720228308           1.86365413407361 
          5.51679773055635           1.82031604241574 
          5.54661825882963           1.75452332353434 
          5.57643878710291           1.76317456688036 
          5.60625931537619           1.78869020364378 
          5.63607984364946           1.77416871069757 
          5.66590037192274           1.73322331456799 
          5.69572090019602           1.70783627580100 
          5.72554142846930           1.74836884272233 
          5.75536195674257           1.64508612919042 
          5.78518248501585           1.75020331479949 
          5.81500301328913           1.62322589563584 
          5.84482354156241           1.65462305909831 
          5.87464406983568           1.68444744681470 
          5.90446459810896           1.60840254032502 
          5.93428512638224           1.66650293423778 
          5.96410565465552           1.58363688306730 
          5.99392618292879           1.63170558023906 
          6.02374671120207           1.65727598518795 
          6.05356723947535           1.53010366929983 
          6.08338776774863           1.59640374576719 
          6.11320829602190           1.54693629455800 
          6.14302882429518           1.60807504291099 
          6.17284935256846           1.54375943509302 
          6.20266988084174           1.55072456889999 
          6.23249040911502           1.54117368528706 
