          0.09448398958165       60773.15592863393200 
          0.18896797916330         137.95099718692421 
          0.28345196874494          50.07448352089323 
          0.37793595832659          24.34678769769636 
          0.47241994790824          10.06325133576264 
          0.56690393748989           7.55888749097466 
          0.66138792707154           3.47794308079727 
          0.75587191665318           2.29355077210144 
          0.85035590623483           2.76200831913720 
          0.94483989581648           1.69127851100984 
          1.03932388539813           2.10207463970545 
          1.13380787497977           1.25780894089753 
          1.22829186456142           1.23692407971251 
          1.32277585414307           0.85950899358393 
          1.41725984372472           0.79596031629501 
          1.51174383330637           0.71108268145876 
          1.60622782288801           0.57771342976244 
          1.70071181246966           0.50271790011743 
          1.79519580205131           0.44297620787029 
          1.88967979163296           0.37473499725551 
          1.98416378121461           0.29386031065806 
          2.07864777079625           0.26575868847048 
          2.17313176037790           0.23014125188557 
          2.26761574995955           0.17520560992333 
          2.36209973954120           0.14492301934784 
          2.45658372912285           0.11208867631218 
          2.55106771870449           0.10979349914476 
          2.64555170828614           0.07865913152873 
          2.74003569786779           0.06323103639661 
          2.83451968744944           0.04844035305279 
          2.92900367703109           0.03839079393293 
          3.02348766661273           0.03318241372048 
          3.11797165619438           0.02640756804011 
          3.21245564577603           0.01952468702931 
          3.30693963535768           0.01892681196474 
          3.40142362493933           0.01480493736830 
          3.49590761452097           0.01573644363245 
          3.59039160410262           0.01464785121308 
          3.68487559368427           0.01438045232781 
          3.77935958326592           0.01710317006547 
          3.87384357284756           0.01552271131559 
          3.96832756242921           0.01758526492360 
          4.06281155201086           0.01672440061258 
          4.15729554159251           0.01949446835099 
          4.25177953117416           0.02061445148597 
          4.34626352075580           0.02069925255215 
          4.44074751033745           0.02098545886753 
          4.53523149991910           0.02050540618331 
          4.62971548950075           0.02151197268584 
          4.72419947908240           0.01990706877827 
          4.81868346866404           0.02067875012544 
          4.91316745824569           0.02091830933198 
          5.00765144782734           0.01907727111286 
          5.10213543740899           0.01882097865730 
          5.19661942699064           0.01515582542048 
          5.29110341657228           0.01573504254000 
          5.38558740615393           0.01439279355194 
          5.48007139573558           0.01261653393438 
          5.57455538531723           0.01123269895205 
          5.66903937489887           0.00963657180465 
          5.76352336448052           0.00885740063761 
          5.85800735406217           0.00747526904548 
          5.95249134364382           0.00634035217850 
          6.04697533322547           0.00568266717830 
          6.14145932280711           0.00474072996300 
