          0.09340248709944        1069.53871652146020 
          0.18680497419889         139.31214822156537 
          0.28020746129833          74.28808473132868 
          0.37360994839778          35.42326586947874 
          0.46701243549722          16.71949853835703 
          0.56041492259666          12.14562268220936 
          0.65381740969611           6.87475777165855 
          0.74721989679555           4.41396011053632 
          0.84062238389499           3.10315840192418 
          0.93402487099444           2.09091626896404 
          1.02742735809388           1.72977481956544 
          1.12082984519333           1.08988189557408 
          1.21423233229277           0.90968590227699 
          1.30763481939221           1.01355148506320 
          1.40103730649166           0.75618406450304 
          1.49443979359110           0.69004237386201 
          1.58784228069055           0.54193152216527 
          1.68124476778999           0.45861040648852 
          1.77464725488943           0.35493084333612 
          1.86804974198888           0.35019333151751 
          1.96145222908832           0.26516165894701 
          2.05485471618776           0.22235700263115 
          2.14825720328721           0.22012674820899 
          2.24165969038665           0.21678544384521 
          2.33506217748610           0.17076934748675 
          2.42846466458554           0.14886842216327 
          2.52186715168498           0.17137689926056 
          2.61526963878443           0.15256073713126 
          2.70867212588387           0.10878198593511 
          2.80207461298331           0.12550370434914 
          2.89547710008276           0.10870652046174 
          2.98887958718220           0.08875476527094 
          3.08228207428165           0.09204823123526 
          3.17568456138109           0.08674790264622 
          3.26908704848053           0.07547289117003 
          3.36248953557998           0.06480046054344 
          3.45589202267942           0.07279901762151 
          3.54929450977887           0.06374214437926 
          3.64269699687831           0.05555984669464 
          3.73609948397775           0.06920172971502 
          3.82950197107720           0.05901286561794 
          3.92290445817664           0.04978063188410 
          4.01630694527609           0.04863943352301 
          4.10970943237553           0.05220821591476 
          4.20311191947497           0.04208828250029 
          4.29651440657442           0.03695357624829 
          4.38991689367386           0.04554832466891 
          4.48331938077330           0.03619574864861 
          4.57672186787275           0.03430995358775 
          4.67012435497219           0.03843634268795 
          4.76352684207164           0.03926338351352 
          4.85692932917108           0.03284872847212 
          4.95033181627052           0.03364288914518 
          5.04373430336997           0.03678393644163 
          5.13713679046941           0.02539663733485 
          5.23053927756885           0.02702077874610 
          5.32394176466830           0.03003156716614 
          5.41734425176774           0.02616466501817 
          5.51074673886719           0.02451944420335 
          5.60414922596663           0.02864676047484 
          5.69755171306607           0.02858196229878 
          5.79095420016552           0.02376779639291 
          5.88435668726496           0.02665575118018 
          5.97775917436441           0.02844753260146 
          6.07116166146385           0.02034042593257 
