          0.08878317517563           0.78648247703585 
          0.17756635035127           1.35789673805374 
          0.26634952552690           0.62632206179763 
          0.35513270070253           0.34500191342364 
          0.44391587587817           0.12938555789985 
          0.53269905105380           0.10507672252088 
          0.62148222622943           0.08298392159899 
          0.71026540140507           0.05200950570824 
          0.79904857658070           0.02924048737000 
          0.88783175175634           0.01404702378808 
          0.97661492693197           0.01209654966472 
          1.06539810210760           0.00790910473372 
          1.15418127728324           0.00658979260060 
          1.24296445245887           0.00694991890774 
          1.33174762763450           0.00431174956515 
          1.42053080281014           0.00504805586954 
          1.50931397798577           0.00327421645517 
          1.59809715316140           0.00242246901889 
          1.68688032833704           0.00304249956677 
          1.77566350351267           0.00307791042677 
          1.86444667868830           0.00220980406428 
          1.95322985386394           0.00210542232174 
          2.04201302903957           0.00142639263960 
          2.13079620421521           0.00121018077174 
          2.21957937939084           0.00108086201133 
          2.30836255456647           0.00129072645057 
          2.39714572974211           0.00083045812706 
          2.48592890491774           0.00091678312523 
          2.57471208009337           0.00096168946654 
          2.66349525526901           0.00085381024045 
          2.75227843044464           0.00058605273112 
          2.84106160562027           0.00093925383486 
          2.92984478079591           0.00088883658077 
          3.01862795597154           0.00086922224860 
          3.10741113114717           0.00067833153023 
          3.19619430632281           0.00054179564518 
          3.28497748149844           0.00088837493712 
          3.37376065667408           0.00061346200783 
          3.46254383184971           0.00061882546889 
          3.55132700702534           0.00047098586163 
          3.64011018220098           0.00066653216664 
          3.72889335737661           0.00048722442568 
          3.81767653255224           0.00043579645150 
          3.90645970772788           0.00049081167466 
          3.99524288290351           0.00050825078468 
          4.08402605807914           0.00046544501556 
          4.17280923325478           0.00038718851350 
          4.26159240843041           0.00037895363499 
          4.35037558360604           0.00031071407185 
          4.43915875878168           0.00029392905360 
          4.52794193395731           0.00028667053256 
          4.61672510913295           0.00027276172647 
          4.70550828430858           0.00025384632033 
          4.79429145948421           0.00026361845324 
          4.88307463465985           0.00022766421605 
          4.97185780983548           0.00021387977390 
          5.06064098501111           0.00016170638162 
          5.14942416018675           0.00012565531189 
          5.23820733536238           0.00011975578447 
          5.32699051053801           0.00009033425040 
          5.41577368571365           0.00008788908831 
          5.50455686088928           0.00008116499353 
          5.59334003606491           0.00007875768769 
          5.68212321124055           0.00005274024285 
          5.77090638641618           0.00004731124114 
          5.85968956159181           0.00005271911669 
          5.94847273676745           0.00004649900476 
          6.03725591194308           0.00003939783540 
          6.12603908711872           0.00003939928677 
