          0.08706090213634          39.83930757775662 
          0.17412180427268           4.44692751168876 
          0.26118270640902           1.81409244892220 
          0.34824360854536           0.84370123130925 
          0.43530451068170           0.67332541844198 
          0.52236541281803           0.38565851493530 
          0.60942631495437           0.22800120447549 
          0.69648721709071           0.12576824047318 
          0.78354811922705           0.09427929232681 
          0.87060902136339           0.07193814605516 
          0.95766992349973           0.02761677159406 
          1.04473082563607           0.03549646288945 
          1.13179172777241           0.02422338399821 
          1.21885262990875           0.02380420131147 
          1.30591353204509           0.01446754436887 
          1.39297443418142           0.01576571463554 
          1.48003533631776           0.01109284635503 
          1.56709623845410           0.00745360295598 
          1.65415714059044           0.00645519125606 
          1.74121804272678           0.00564731423884 
          1.82827894486312           0.00642769182150 
          1.91533984699946           0.00569816335312 
          2.00240074913580           0.00417433907804 
          2.08946165127214           0.00327091725418 
          2.17652255340848           0.00305273437330 
          2.26358345554481           0.00258806947635 
          2.35064435768115           0.00214935358848 
          2.43770525981749           0.00226085545429 
          2.52476616195383           0.00179152141393 
          2.61182706409017           0.00164443804303 
          2.69888796622651           0.00118904474888 
          2.78594886836285           0.00147922751782 
          2.87300977049919           0.00115980741408 
          2.96007067263553           0.00101058006527 
          3.04713157477187           0.00097647011537 
          3.13419247690821           0.00094314991756 
          3.22125337904454           0.00095344390046 
          3.30831428118088           0.00066650219740 
          3.39537518331722           0.00070600093378 
          3.48243608545356           0.00073386492157 
          3.56949698758990           0.00051336711882 
          3.65655788972624           0.00054559810330 
          3.74361879186258           0.00052998335369 
          3.83067969399892           0.00044223638744 
          3.91774059613526           0.00034874996516 
          4.00480149827160           0.00038373323314 
          4.09186240040793           0.00032534997433 
          4.17892330254427           0.00029277975293 
          4.26598420468061           0.00024204927337 
          4.35304510681695           0.00027144783115 
          4.44010600895329           0.00023443167633 
          4.52716691108963           0.00020034479381 
          4.61422781322597           0.00019427928048 
          4.70128871536231           0.00015955454908 
          4.78834961749865           0.00011811267703 
          4.87541051963499           0.00012825870684 
          4.96247142177132           0.00011920805110 
          5.04953232390766           0.00010308895707 
          5.13659322604400           0.00009053290185 
          5.22365412818034           0.00008696588858 
          5.31071503031668           0.00007522492548 
          5.39777593245302           0.00006040083043 
          5.48483683458936           0.00004631548643 
          5.57189773672570           0.00005372144630 
          5.65895863886204           0.00005068386839 
          5.74601954099838           0.00003788981518 
          5.83308044313471           0.00004160633290 
          5.92014134527105           0.00003384109085 
          6.00720224740739           0.00003631654214 
          6.09426314954373           0.00003251443752 
