          0.08622458223109          22.82889914555363 
          0.17244916446218          11.10296344225157 
          0.25867374669327           0.82357010318203 
          0.34489832892436           1.09854806892000 
          0.43112291115545           0.56819583100326 
          0.51734749338654           0.19602335511162 
          0.60357207561764           0.18275717977391 
          0.68979665784873           0.14341613248288 
          0.77602124007982           0.11051860950932 
          0.86224582231091           0.06621959772120 
          0.94847040454200           0.07782813330780 
          1.03469498677309           0.03462121203765 
          1.12091956900418           0.02132905918533 
          1.20714415123527           0.01614509851304 
          1.29336873346636           0.01631892505095 
          1.37959331569745           0.01015694538936 
          1.46581789792854           0.01408084130409 
          1.55204248015963           0.01046773319821 
          1.63826706239073           0.00750899639144 
          1.72449164462182           0.00618852781907 
          1.81071622685291           0.00426431203279 
          1.89694080908400           0.00420593214196 
          1.98316539131509           0.00386142831889 
          2.06938997354618           0.00345411974716 
          2.15561455577727           0.00192809696437 
          2.24183913800836           0.00232151442369 
          2.32806372023945           0.00204543320858 
          2.41428830247054           0.00185111547875 
          2.50051288470163           0.00198872453100 
          2.58673746693272           0.00138235576704 
          2.67296204916381           0.00117219167886 
          2.75918663139491           0.00104455847248 
          2.84541121362600           0.00126996116899 
          2.93163579585709           0.00087598577745 
          3.01786037808818           0.00083881422796 
          3.10408496031927           0.00077674375700 
          3.19030954255036           0.00082051401012 
          3.27653412478145           0.00075175809399 
          3.36275870701254           0.00071003990423 
          3.44898328924363           0.00063381903628 
          3.53520787147472           0.00053365762457 
          3.62143245370581           0.00054425786254 
          3.70765703593690           0.00038573995333 
          3.79388161816800           0.00044279317280 
          3.88010620039909           0.00028617958225 
          3.96633078263018           0.00032616154462 
          4.05255536486127           0.00032944801075 
          4.13877994709236           0.00027918312708 
          4.22500452932345           0.00024035674992 
          4.31122911155454           0.00020593544615 
          4.39745369378563           0.00022519379804 
          4.48367827601672           0.00018413877306 
          4.56990285824781           0.00013977861447 
          4.65612744047890           0.00015998422675 
          4.74235202270999           0.00014093100498 
          4.82857660494108           0.00012765931642 
          4.91480118717218           0.00009305136135 
          5.00102576940327           0.00008044212839 
          5.08725035163436           0.00007597542095 
          5.17347493386545           0.00007156342481 
          5.25969951609654           0.00006471561320 
          5.34592409832763           0.00005192403050 
          5.43214868055872           0.00005138255963 
          5.51837326278981           0.00005087253017 
          5.60459784502090           0.00003914755065 
          5.69082242725199           0.00003405819479 
          5.77704700948308           0.00003227208558 
          5.86327159171418           0.00003205858122 
          5.94949617394527           0.00003352325850 
          6.03572075617636           0.00002540788560 
          6.12194533840745           0.00002593478623 
