          0.08152569491604       26112.19515719063600 
          0.16305138983209        6370.09642529656870 
          0.24457708474813        1447.46932151831240 
          0.32610277966418         336.61539215573998 
          0.40762847458022         136.14536461631013 
          0.48915416949627          57.56641526457482 
          0.57067986441231          16.10822207124571 
          0.65220555932836           7.33633622612299 
          0.73373125424440           4.03143597144068 
          0.81525694916045           3.02891581620482 
          0.89678264407649           2.21763832264560 
          0.97830833899254           1.52402341048923 
          1.05983403390858           0.90525134631529 
          1.14135972882463           0.74460563024490 
          1.22288542374067           0.48953086684979 
          1.30441111865672           0.30431698264865 
          1.38593681357276           0.22610760974493 
          1.46746250848881           0.15861264288866 
          1.54898820340485           0.14049950782998 
          1.63051389832090           0.09680891800491 
          1.71203959323694           0.07137796694794 
          1.79356528815299           0.06241661618106 
          1.87509098306903           0.04765103212900 
          1.95661667798508           0.04805224744523 
          2.03814237290112           0.03527506206781 
          2.11966806781717           0.03131373136214 
          2.20119376273321           0.02448284702824 
          2.28271945764926           0.02251406202912 
          2.36424515256530           0.01748534811933 
          2.44577084748135           0.01538739418295 
          2.52729654239739           0.01486296607730 
          2.60882223731344           0.01364624797841 
          2.69034793222948           0.01202947396496 
          2.77187362714553           0.00910259509067 
          2.85339932206157           0.00978917165551 
          2.93492501697762           0.00811583834906 
          3.01645071189366           0.00647267623857 
          3.09797640680971           0.00629780504762 
          3.17950210172575           0.00583928533433 
          3.26102779664180           0.00460045122445 
          3.34255349155784           0.00501810486740 
          3.42407918647389           0.00342323249373 
          3.50560488138993           0.00400626216847 
          3.58713057630598           0.00324351126701 
          3.66865627122202           0.00289366331725 
          3.75018196613807           0.00310160371387 
          3.83170766105411           0.00245915829588 
          3.91323335597016           0.00227394818280 
          3.99475905088620           0.00210378324355 
          4.07628474580225           0.00180802075243 
          4.15781044071829           0.00179206059534 
          4.23933613563434           0.00163996270524 
          4.32086183055038           0.00159984267456 
          4.40238752546643           0.00126670313125 
          4.48391322038247           0.00129844276349 
          4.56543891529852           0.00107136966245 
          4.64696461021456           0.00103613179079 
          4.72849030513061           0.00093631168060 
          4.81001600004665           0.00086952675650 
          4.89154169496270           0.00082906380489 
          4.97306738987874           0.00075978559685 
          5.05459308479479           0.00068779426705 
          5.13611877971083           0.00068827611046 
          5.21764447462688           0.00057813676018 
          5.29917016954292           0.00055703468037 
          5.38069586445897           0.00048054938988 
          5.46222155937501           0.00047330707656 
          5.54374725429106           0.00037050551540 
          5.62527294920710           0.00039133560574 
          5.70679864412315           0.00037779825920 
          5.78832433903919           0.00032861060195 
          5.86985003395524           0.00030584003217 
          5.95137572887128           0.00030015499306 
          6.03290142378733           0.00026315271216 
          6.11442711870337           0.00026116682053 
