          0.08079189028134         505.45566105858882 
          0.16158378056267         352.89914548892142 
          0.24237567084401          75.80896176181886 
          0.32316756112535          33.11201462018052 
          0.40395945140669          21.05462303947921 
          0.48475134168802           7.12971953336387 
          0.56554323196936           3.83460438741917 
          0.64633512225070           3.59648269683708 
          0.72712701253203           1.92285690342491 
          0.80791890281337           0.61831339043003 
          0.88871079309471           0.66011215921239 
          0.96950268337605           0.52350633052407 
          1.05029457365738           0.17889732338231 
          1.13108646393872           0.19431668133135 
          1.21187835422006           0.14271022730905 
          1.29267024450139           0.10632028688366 
          1.37346213478273           0.11285553663304 
          1.45425402506407           0.08735729129061 
          1.53504591534540           0.08251228304045 
          1.61583780562674           0.09163696299498 
          1.69662969590808           0.06819666904151 
          1.77742158618942           0.05193953494006 
          1.85821347647075           0.06662309754760 
          1.93900536675209           0.05721614786417 
          2.01979725703343           0.03779120145989 
          2.10058914731477           0.04405091231118 
          2.18138103759610           0.04035055853110 
          2.26217292787744           0.03660938037767 
          2.34296481815878           0.03561478447301 
          2.42375670844011           0.03220420144286 
          2.50454859872145           0.03327770917169 
          2.58534048900279           0.03079876302424 
          2.66613237928412           0.02891112037834 
          2.74692426956546           0.03150987425079 
          2.82771615984680           0.02607447121020 
          2.90850805012814           0.02257586127215 
          2.98929994040947           0.02679251137989 
          3.07009183069081           0.02453979125162 
          3.15088372097215           0.02065015367233 
          3.23167561125348           0.02201373762388 
          3.31246750153482           0.02081383133257 
          3.39325939181616           0.01755835517900 
          3.47405128209750           0.01952999794579 
          3.55484317237883           0.01842799773964 
          3.63563506266017           0.01600490763756 
          3.71642695294151           0.01712631839942 
          3.79721884322284           0.01618001677103 
          3.87801073350418           0.01456645788849 
          3.95880262378552           0.01466572214367 
          4.03959451406686           0.01391070618127 
          4.12038640434819           0.01393352401677 
          4.20117829462953           0.01295793440471 
          4.28197018491087           0.01275706953764 
          4.36276207519220           0.01110875636308 
          4.44355396547354           0.01051332079696 
          4.52434585575488           0.01083779465783 
          4.60513774603622           0.01031317756766 
          4.68592963631755           0.00908052132698 
          4.76672152659889           0.00913681678365 
          4.84751341688023           0.00919268208814 
          4.92830530716156           0.00814945452860 
          5.00909719744290           0.00824849729663 
          5.08988908772424           0.00800984748926 
          5.17068097800557           0.00709627012683 
          5.25147286828691           0.00680723240056 
          5.33226475856825           0.00650787615145 
          5.41305664884959           0.00627116020259 
          5.49384853913092           0.00633117839980 
          5.57464042941226           0.00566035170136 
          5.65543231969360           0.00545336227816 
          5.73622420997493           0.00555457553448 
          5.81701610025627           0.00467080702498 
          5.89780799053761           0.00470996854375 
          5.97859988081895           0.00471581191732 
          6.05939177110028           0.00403857479443 
          6.14018366138162           0.00411997516452 
