          0.08227295151473          85.87718242078645 
          0.16454590302945           7.85156664513928 
          0.24681885454418           6.09831865847796 
          0.32909180605890           1.11408259793485 
          0.41136475757363           0.72290974296260 
          0.49363770908835           0.33982672935835 
          0.57591066060308           0.16039119556641 
          0.65818361211780           0.17750952180934 
          0.74045656363253           0.09783407340068 
          0.82272951514725           0.06062387636918 
          0.90500246666198           0.03506497519103 
          0.98727541817671           0.04288005922758 
          1.06954836969143           0.02789729875045 
          1.15182132120616           0.02282488272192 
          1.23409427272088           0.01528150196402 
          1.31636722423561           0.01693394563262 
          1.39864017575033           0.00948912919240 
          1.48091312726506           0.00902252290462 
          1.56318607877978           0.00782947423230 
          1.64545903029451           0.00673619122553 
          1.72773198180924           0.00601267326608 
          1.81000493332396           0.00474365130764 
          1.89227788483869           0.00363420343962 
          1.97455083635341           0.00452236246081 
          2.05682378786814           0.00271558036851 
          2.13909673938286           0.00299409511379 
          2.22136969089759           0.00248722807092 
          2.30364264241231           0.00185148042364 
          2.38591559392704           0.00242456360852 
          2.46818854544176           0.00231819419647 
          2.55046149695649           0.00195937095145 
          2.63273444847122           0.00155383413289 
          2.71500739998594           0.00110512053060 
          2.79728035150067           0.00119087483708 
          2.87955330301539           0.00118202013444 
          2.96182625453012           0.00116397115922 
          3.04409920604484           0.00085948996019 
          3.12637215755957           0.00102187226535 
          3.20864510907429           0.00084211062037 
          3.29091806058902           0.00085855024875 
          3.37319101210374           0.00042761554234 
          3.45546396361847           0.00068298149651 
          3.53773691513320           0.00051038555150 
          3.62000986664792           0.00060323589744 
          3.70228281816265           0.00063970968668 
          3.78455576967737           0.00045670100645 
          3.86682872119210           0.00045413904143 
          3.94910167270682           0.00037896948159 
          4.03137462422155           0.00026085289100 
          4.11364757573627           0.00030210867261 
          4.19592052725100           0.00026879197079 
          4.27819347876573           0.00027590421219 
          4.36046643028045           0.00022085178051 
          4.44273938179518           0.00022167900674 
          4.52501233330990           0.00017961477092 
          4.60728528482463           0.00017193936094 
          4.68955823633935           0.00016501711660 
          4.77183118785408           0.00014555957587 
          4.85410413936880           0.00010466297552 
          4.93637709088353           0.00009246369239 
          5.01865004239825           0.00009287084659 
          5.10092299391298           0.00009323234281 
          5.18319594542771           0.00007518420919 
          5.26546889694243           0.00008096463105 
          5.34774184845716           0.00006536736733 
          5.43001479997188           0.00006586433208 
          5.51228775148661           0.00005957792292 
          5.59456070300133           0.00004907141151 
          5.67683365451606           0.00004801456220 
          5.75910660603078           0.00004237601642 
          5.84137955754551           0.00003608423116 
          5.92365250906024           0.00003673866779 
          6.00592546057496           0.00003343570946 
          6.08819841208969           0.00003022992166 
