          0.09438463733182          17.09273025658186 
          0.18876927466365           5.05243949354311 
          0.28315391199547           1.67528980069962 
          0.37753854932730           0.82333356576490 
          0.47192318665912           0.18180258345720 
          0.56630782399095           0.53466790835734 
          0.66069246132277           0.19454622758972 
          0.75507709865460           0.09433021252150 
          0.84946173598642           0.04401845896848 
          0.94384637331825           0.02367530958569 
          1.03823101065007           0.02608921802516 
          1.13261564798190           0.01680369370565 
          1.22700028531372           0.01511515512559 
          1.32138492264555           0.01380678295405 
          1.41576955997737           0.00855383294941 
          1.51015419730920           0.00705305230397 
          1.60453883464102           0.00828213152395 
          1.69892347197285           0.00430553473299 
          1.79330810930467           0.00458562596870 
          1.88769274663650           0.00347603943497 
          1.98207738396832           0.00261646949919 
          2.07646202130015           0.00404360128525 
          2.17084665863197           0.00272764473178 
          2.26523129596380           0.00248233778001 
          2.35961593329562           0.00211202699835 
          2.45400057062745           0.00217875354305 
          2.54838520795927           0.00207507568921 
          2.64276984529110           0.00212985527596 
          2.73715448262292           0.00163126594155 
          2.83153911995475           0.00153335954714 
          2.92592375728657           0.00100208766309 
          3.02030839461840           0.00091079299588 
          3.11469303195022           0.00107648845502 
          3.20907766928205           0.00119719024088 
          3.30346230661387           0.00099103011285 
          3.39784694394570           0.00079926572803 
          3.49223158127752           0.00078402389032 
          3.58661621860935           0.00066385095244 
          3.68100085594117           0.00082047684494 
          3.77538549327300           0.00062382694026 
          3.86977013060482           0.00066074989457 
          3.96415476793665           0.00052654534733 
          4.05853940526847           0.00064282596794 
          4.15292404260030           0.00049780483544 
          4.24730867993212           0.00042840441215 
          4.34169331726395           0.00039276094411 
          4.43607795459577           0.00041997570392 
          4.53046259192760           0.00031856474317 
          4.62484722925942           0.00030708814125 
          4.71923186659125           0.00029667011867 
          4.81361650392307           0.00028999608022 
          4.90800114125490           0.00019410419919 
          5.00238577858672           0.00018369561919 
          5.09677041591855           0.00015441513041 
          5.19115505325037           0.00016153631753 
          5.28553969058220           0.00014281323328 
          5.37992432791402           0.00010136025947 
          5.47430896524585           0.00010224706029 
          5.56869360257767           0.00008239060244 
          5.66307823990950           0.00007518537880 
          5.75746287724132           0.00006457102580 
          5.85184751457315           0.00005712153458 
          5.94623215190497           0.00005104392224 
          6.04061678923680           0.00006259134465 
          6.13500142656862           0.00004995900962 
