          0.08380932782686           4.90580873394883 
          0.16761865565372           3.14952050409534 
          0.25142798348058           0.63594580960798 
          0.33523731130743           0.69175939551789 
          0.41904663913429           0.17018236613979 
          0.50285596696115           0.08492222235340 
          0.58666529478801           0.22047441015961 
          0.67047462261487           0.12802283941248 
          0.75428395044173           0.12023533195671 
          0.83809327826859           0.04783282577815 
          0.92190260609544           0.07318677843925 
          1.00571193392230           0.05038332479240 
          1.08952126174916           0.04488207460908 
          1.17333058957602           0.04271252820183 
          1.25713991740288           0.04798236745443 
          1.34094924522974           0.04176574738138 
          1.42475857305660           0.04985556757172 
          1.50856790088345           0.04564707071331 
          1.59237722871031           0.04641824241670 
          1.67618655653717           0.03781293285708 
          1.75999588436403           0.04224566395514 
          1.84380521219089           0.03472588874203 
          1.92761454001775           0.03579778352797 
          2.01142386784461           0.03624680732223 
          2.09523319567146           0.03718725062630 
          2.17904252349832           0.03704355227852 
          2.26285185132518           0.03715987628700 
          2.34666117915204           0.03726532143811 
          2.43047050697890           0.03855755563052 
          2.51427983480576           0.02865757796881 
          2.59808916263262           0.03552677922274 
          2.68189849045947           0.02884912341319 
          2.76570781828633           0.03423475037523 
          2.84951714611319           0.02931612076821 
          2.93332647394005           0.03357697918915 
          3.01713580176691           0.02933124187276 
          3.10094512959377           0.02992889893448 
          3.18475445742063           0.02765898327959 
          3.26856378524748           0.02686224433368 
          3.35237311307434           0.02553528719700 
          3.43618244090120           0.02656144387487 
          3.51999176872806           0.02490481868048 
          3.60380109655492           0.02479335611610 
          3.68761042438178           0.02498242353981 
          3.77141975220864           0.02180219983425 
          3.85522908003549           0.02262465203222 
          3.93903840786235           0.02044973627358 
          4.02284773568921           0.02158946330500 
          4.10665706351607           0.01966451329023 
          4.19046639134293           0.02012983275398 
          4.27427571916979           0.01864400290610 
          4.35808504699665           0.01989138676467 
          4.44189437482350           0.01808234890697 
          4.52570370265036           0.01696487821651 
          4.60951303047722           0.01717345876570 
          4.69332235830408           0.01576978877382 
          4.77713168613094           0.01542579925467 
          4.86094101395780           0.01494523307693 
          4.94475034178465           0.01404129112791 
          5.02855966961151           0.01434891876295 
          5.11236899743837           0.01324637627974 
          5.19617832526523           0.01318216954304 
          5.27998765309209           0.01147584625110 
          5.36379698091895           0.01139029153894 
          5.44760630874581           0.01054119301535 
          5.53141563657267           0.01039646858442 
          5.61522496439952           0.01038104189917 
          5.69903429222638           0.00970053687842 
          5.78284362005324           0.00951028391570 
          5.86665294788010           0.00922667478274 
          5.95046227570696           0.00847219174925 
          6.03427160353382           0.00794239762136 
          6.11808093136067           0.00778768213941 
