          0.08303403339738          16.31320323838322 
          0.16606806679476           4.82078392454749 
          0.24910210019213           2.33522451863032 
          0.33213613358951           2.07236560205019 
          0.41517016698689           0.59407301915623 
          0.49820420038427           0.35833594713462 
          0.58123823378165           0.19961892419545 
          0.66427226717902           0.16542559600212 
          0.74730630057640           0.13550418155375 
          0.83034033397378           0.10932679735612 
          0.91337436737116           0.11384907458835 
          0.99640840076853           0.08011284893749 
          1.07944243416591           0.05693528884017 
          1.16247646756329           0.07480497780957 
          1.24551050096067           0.07664753487740 
          1.32854453435805           0.05345400053912 
          1.41157856775542           0.06965057566945 
          1.49461260115280           0.05954670692897 
          1.57764663455018           0.04896309678358 
          1.66068066794756           0.05813922779276 
          1.74371470134494           0.04831321682282 
          1.82674873474231           0.05473329347952 
          1.90978276813969           0.04976638403997 
          1.99281680153707           0.05185097564181 
          2.07585083493445           0.04739904890973 
          2.15888486833183           0.04635323732031 
          2.24191890172920           0.04491628979818 
          2.32495293512658           0.04473263941657 
          2.40798696852396           0.04463716957817 
          2.49102100192134           0.04264346817140 
          2.57405503531872           0.04381528496339 
          2.65708906871609           0.04257806168149 
          2.74012310211347           0.04117267755563 
          2.82315713551085           0.03906113765595 
          2.90619116890823           0.03783741179712 
          2.98922520230560           0.03962472504782 
          3.07225923570298           0.03774542575212 
          3.15529326910036           0.03884802635939 
          3.23832730249774           0.03530174469030 
          3.32136133589512           0.03269924770984 
          3.40439536929249           0.03525019526284 
          3.48742940268987           0.03208096422072 
          3.57046343608725           0.03247493684515 
          3.65349746948463           0.03249401275172 
          3.73653150288201           0.03097067056667 
          3.81956553627938           0.02984644106592 
          3.90259956967676           0.02884304600892 
          3.98563360307414           0.02950616700845 
          4.06866763647152           0.02786110801352 
          4.15170166986890           0.02793336500988 
          4.23473570326627           0.02731284210544 
          4.31776973666365           0.02554131403189 
          4.40080377006103           0.02528050555695 
          4.48383780345841           0.02465493829788 
          4.56687183685579           0.02396239951926 
          4.64990587025316           0.02319490168977 
          4.73293990365054           0.02293436931701 
          4.81597393704792           0.02238363612042 
          4.89900797044530           0.02156040358915 
          4.98204200384267           0.02104357675604 
          5.06507603724005           0.02052080584277 
          5.14811007063743           0.01998757181807 
          5.23114410403481           0.01970874336918 
          5.31417813743219           0.01900573111592 
          5.39721217082956           0.01846273669390 
          5.48024620422694           0.01793108955814 
          5.56328023762432           0.01731625722988 
          5.64631427102170           0.01704001261707 
          5.72934830441908           0.01660629196179 
          5.81238233781645           0.01637795087277 
          5.89541637121383           0.01591362857990 
          5.97845040461121           0.01546878800337 
          6.06148443800859           0.01511986350901 
          6.14451847140597           0.01486394032208 
