          0.08459923666594          63.75309982930989 
          0.16919847333189           4.00872335062177 
          0.25379770999783           2.86471663546601 
          0.33839694666377           1.77740692503835 
          0.42299618332972           1.01052708490592 
          0.50759541999566           0.54135160115111 
          0.59219465666160           0.12714709404176 
          0.67679389332754           0.17500931929979 
          0.76139312999349           0.08505382179407 
          0.84599236665943           0.09593196143152 
          0.93059160332537           0.05265338841606 
          1.01519083999132           0.04692784656067 
          1.09979007665726           0.02098846926049 
          1.18438931332320           0.01577975514834 
          1.26898854998914           0.01426690651381 
          1.35358778665509           0.01689432510795 
          1.43818702332103           0.00834452690206 
          1.52278625998697           0.01162011383009 
          1.60738549665292           0.00567441374841 
          1.69198473331886           0.00538885475185 
          1.77658396998480           0.00515392823277 
          1.86118320665075           0.00820048721038 
          1.94578244331669           0.00440776074823 
          2.03038167998263           0.00317073289344 
          2.11498091664857           0.00340827201481 
          2.19958015331452           0.00339386511491 
          2.28417938998046           0.00194697220072 
          2.36877862664640           0.00187537957644 
          2.45337786331235           0.00177683086359 
          2.53797709997829           0.00188198249663 
          2.62257633664423           0.00183793795966 
          2.70717557331018           0.00135439251691 
          2.79177480997612           0.00098515384206 
          2.87637404664206           0.00149942997710 
          2.96097328330800           0.00103340950736 
          3.04557251997395           0.00098429174958 
          3.13017175663989           0.00082730727308 
          3.21477099330583           0.00081589206061 
          3.29937022997178           0.00063091361445 
          3.38396946663772           0.00051604308251 
          3.46856870330366           0.00046574560031 
          3.55316793996961           0.00049720449860 
          3.63776717663555           0.00039272310903 
          3.72236641330149           0.00043777945372 
          3.80696564996743           0.00039544569755 
          3.89156488663338           0.00042754413101 
          3.97616412329932           0.00028767987687 
          4.06076335996526           0.00024280510162 
          4.14536259663121           0.00023949541242 
          4.22996183329715           0.00017932708330 
          4.31456106996309           0.00016591851867 
          4.39916030662904           0.00016684309209 
          4.48375954329498           0.00014466358385 
          4.56835877996092           0.00011401199201 
          4.65295801662687           0.00011812612402 
          4.73755725329281           0.00010991751829 
          4.82215648995875           0.00008854576790 
          4.90675572662469           0.00008462324999 
          4.99135496329064           0.00006810075331 
          5.07595419995658           0.00006932148234 
          5.16055343662252           0.00006000811820 
          5.24515267328847           0.00005481978946 
          5.32975190995441           0.00004789709182 
          5.41435114662035           0.00003959224563 
          5.49895038328629           0.00003211644230 
          5.58354961995224           0.00003931601455 
          5.66814885661818           0.00003236766887 
          5.75274809328412           0.00002800007512 
          5.83734732995007           0.00002313285689 
          5.92194656661601           0.00002387789254 
          6.00654580328195           0.00002467877680 
          6.09114503994790           0.00002270828064 
