          0.09745905548596          45.93519298305496 
          0.19491811097191           4.19251029168468 
          0.29237716645787           2.42074919076345 
          0.38983622194382           0.74243345190627 
          0.48729527742978           0.33801676597142 
          0.58475433291574           0.18490705785565 
          0.68221338840169           0.06116034481977 
          0.77967244388765           0.09106899313541 
          0.87713149937360           0.03316109176044 
          0.97459055485956           0.02239453597540 
          1.07204961034552           0.02924326360151 
          1.16950866583147           0.01325433982780 
          1.26696772131743           0.01570010050746 
          1.36442677680338           0.01062997247880 
          1.46188583228934           0.00982774581595 
          1.55934488777530           0.00715545465371 
          1.65680394326125           0.00669533386040 
          1.75426299874721           0.00502101872182 
          1.85172205423316           0.00297510734926 
          1.94918110971912           0.00390439691549 
          2.04664016520508           0.00298377729693 
          2.14409922069103           0.00252301040850 
          2.24155827617699           0.00286050590593 
          2.33901733166295           0.00225146628732 
          2.43647638714890           0.00159992140077 
          2.53393544263486           0.00178955971275 
          2.63139449812081           0.00161000335649 
          2.72885355360677           0.00184200053649 
          2.82631260909273           0.00103572168610 
          2.92377166457868           0.00121159735979 
          3.02123072006464           0.00115624924448 
          3.11868977555059           0.00115842294698 
          3.21614883103655           0.00091030618228 
          3.31360788652251           0.00109056991231 
          3.41106694200846           0.00076906738495 
          3.50852599749442           0.00084010245788 
          3.60598505298037           0.00071153345188 
          3.70344410846633           0.00078364913827 
          3.80090316395229           0.00062320088619 
          3.89836221943824           0.00060222852522 
          3.99582127492420           0.00067181774013 
          4.09328033041015           0.00050017944446 
          4.19073938589611           0.00052322344441 
          4.28819844138207           0.00050256275811 
          4.38565749686802           0.00050178922676 
          4.48311655235398           0.00042095487222 
          4.58057560783993           0.00033710739908 
          4.67803466332589           0.00033350140369 
          4.77549371881185           0.00030020681198 
          4.87295277429780           0.00025748662120 
          4.97041182978376           0.00025037823735 
          5.06787088526971           0.00015305025554 
          5.16532994075567           0.00017771300916 
          5.26278899624163           0.00013640614730 
          5.36024805172758           0.00013428150462 
          5.45770710721354           0.00009380157813 
          5.55516616269949           0.00009780317166 
          5.65262521818545           0.00007390939264 
          5.75008427367141           0.00007229104009 
          5.84754332915736           0.00005855069094 
          5.94500238464332           0.00006585385112 
          6.04246144012927           0.00006438600440 
