          0.09962240854891          41.15091473017598 
          0.19924481709781           4.88400831494001 
          0.29886722564672           0.71207883980259 
          0.39848963419563           0.89498120073764 
          0.49811204274454           0.27354796691726 
          0.59773445129344           0.10270690360909 
          0.69735685984235           0.07433272415477 
          0.79697926839126           0.07434768042128 
          0.89660167694017           0.02641529793095 
          0.99622408548907           0.02773302564357 
          1.09584649403798           0.01977245928042 
          1.19546890258689           0.00839605475676 
          1.29509131113580           0.01008682359403 
          1.39471371968470           0.00724509848189 
          1.49433612823361           0.00731936430921 
          1.59395853678252           0.00513977523747 
          1.69358094533143           0.00455775662672 
          1.79320335388033           0.00356410557127 
          1.89282576242924           0.00466771455276 
          1.99244817097815           0.00270036781947 
          2.09207057952705           0.00275289293436 
          2.19169298807596           0.00212617130297 
          2.29131539662487           0.00185296426217 
          2.39093780517378           0.00139801407711 
          2.49056021372268           0.00176971793570 
          2.59018262227159           0.00148566881528 
          2.68980503082050           0.00189802345127 
          2.78942743936941           0.00153092976580 
          2.88904984791831           0.00108091248377 
          2.98867225646722           0.00112231172218 
          3.08829466501613           0.00115033321707 
          3.18791707356504           0.00097637142130 
          3.28753948211394           0.00097027697220 
          3.38716189066285           0.00084658739771 
          3.48678429921176           0.00081170523376 
          3.58640670776066           0.00075772982448 
          3.68602911630957           0.00098923280933 
          3.78565152485848           0.00059318946658 
          3.88527393340739           0.00065226078684 
          3.98489634195629           0.00057618441838 
          4.08451875050520           0.00049241760195 
          4.18414115905411           0.00060705235434 
          4.28376356760302           0.00043752484143 
          4.38338597615192           0.00052156093598 
          4.48300838470083           0.00040257930906 
          4.58263079324974           0.00036883146022 
          4.68225320179865           0.00035193912343 
          4.78187561034755           0.00029342920125 
          4.88149801889646           0.00027024056466 
          4.98112042744537           0.00020218690096 
          5.08074283599427           0.00021696322532 
          5.18036524454318           0.00016152318362 
          5.27998765309209           0.00013311144493 
          5.37961006164100           0.00010466731337 
          5.47923247018990           0.00011979676998 
          5.57885487873881           0.00011005841696 
          5.67847728728772           0.00010160899432 
          5.77809969583663           0.00007459580151 
          5.87772210438553           0.00007962368202 
          5.97734451293444           0.00007587131422 
          6.07696692148335           0.00005825483875 
