          0.08540417707190          17.81566447318111 
          0.17080835414380           6.26980313967843 
          0.25621253121570           2.60784422179216 
          0.34161670828759           0.85884451493116 
          0.42702088535949           0.57701609064230 
          0.51242506243139           0.33108174414421 
          0.59782923950329           0.18283118757929 
          0.68323341657519           0.12301236733825 
          0.76863759364709           0.08830374726894 
          0.85404177071899           0.06365152339604 
          0.93944594779089           0.04675220161240 
          1.02485012486278           0.04353204448542 
          1.11025430193468           0.02364599721918 
          1.19565847900658           0.01689934799111 
          1.28106265607848           0.01263359127475 
          1.36646683315038           0.01333819336586 
          1.45187101022228           0.01002187065702 
          1.53727518729418           0.00848365921882 
          1.62267936436608           0.00499566854186 
          1.70808354143797           0.00416969723801 
          1.79348771850987           0.00540110265522 
          1.87889189558177           0.00413737238192 
          1.96429607265367           0.00430476651755 
          2.04970024972557           0.00400786899409 
          2.13510442679747           0.00259650441907 
          2.22050860386937           0.00238852002941 
          2.30591278094126           0.00251306396837 
          2.39131695801316           0.00201030276826 
          2.47672113508506           0.00166200750002 
          2.56212531215696           0.00172195009527 
          2.64752948922886           0.00135110670441 
          2.73293366630076           0.00145476792504 
          2.81833784337266           0.00111011623317 
          2.90374202044456           0.00132101319897 
          2.98914619751645           0.00096612469827 
          3.07455037458835           0.00078372732878 
          3.15995455166025           0.00113443528886 
          3.24535872873215           0.00075922899672 
          3.33076290580405           0.00072707939716 
          3.41616708287595           0.00065665345436 
          3.50157125994785           0.00048819839198 
          3.58697543701975           0.00042166206617 
          3.67237961409164           0.00059264093504 
          3.75778379116354           0.00045744437517 
          3.84318796823544           0.00035819702306 
          3.92859214530734           0.00027555049540 
          4.01399632237924           0.00030144940022 
          4.09940049945114           0.00027821030765 
          4.18480467652304           0.00024925625346 
          4.27020885359493           0.00021101162771 
          4.35561303066683           0.00018613490588 
          4.44101720773873           0.00016127453193 
          4.52642138481063           0.00015626578436 
          4.61182556188253           0.00014886771512 
          4.69722973895443           0.00011531896196 
          4.78263391602633           0.00010033158725 
          4.86803809309823           0.00009548022456 
          4.95344227017012           0.00008500222282 
          5.03884644724202           0.00007451554033 
          5.12425062431392           0.00006135793887 
          5.20965480138582           0.00006263350889 
          5.29505897845772           0.00004638055723 
          5.38046315552962           0.00005002504599 
          5.46586733260152           0.00004711410498 
          5.55127150967341           0.00003791100513 
          5.63667568674531           0.00003888279040 
          5.72207986381721           0.00003157116786 
          5.80748404088911           0.00002837728842 
          5.89288821796101           0.00002845787614 
          5.97829239503291           0.00002890615581 
          6.06369657210481           0.00002678067356 
          6.14910074917671           0.00002309283052 
