          0.09057496478564           7.94486393373765 
          0.18114992957127           5.99815336264889 
          0.27172489435691           2.30214785763113 
          0.36229985914254           2.19940820384030 
          0.45287482392818           0.50568811152651 
          0.54344978871382           0.31206636295237 
          0.63402475349945           0.10876144794336 
          0.72459971828509           0.05299580865561 
          0.81517468307073           0.08335008776867 
          0.90574964785636           0.04924114142410 
          0.99632461264200           0.02504839098079 
          1.08689957742763           0.02748629181057 
          1.17747454221327           0.01846165834775 
          1.26804950699891           0.01280948772589 
          1.35862447178454           0.01409228861539 
          1.44919943657018           0.00992698096914 
          1.53977440135582           0.00884291272461 
          1.63034936614145           0.00701541924332 
          1.72092433092709           0.00702689770206 
          1.81149929571272           0.00486593439687 
          1.90207426049836           0.00535334545504 
          1.99264922528400           0.00353960672176 
          2.08322419006963           0.00329776240888 
          2.17379915485527           0.00247510929367 
          2.26437411964091           0.00249640329043 
          2.35494908442654           0.00219536939675 
          2.44552404921218           0.00251555784782 
          2.53609901399781           0.00131022477964 
          2.62667397878345           0.00123792537514 
          2.71724894356909           0.00109291206842 
          2.80782390835472           0.00159961554143 
          2.89839887314036           0.00120028562619 
          2.98897383792600           0.00134746688808 
          3.07954880271163           0.00100857264950 
          3.17012376749727           0.00072296809162 
          3.26069873228290           0.00093516984352 
          3.35127369706854           0.00100809547098 
          3.44184866185418           0.00075223380172 
          3.53242362663981           0.00090003444878 
          3.62299859142545           0.00072306508974 
          3.71357355621109           0.00060435734277 
          3.80414852099672           0.00053101945761 
          3.89472348578236           0.00053245360597 
          3.98529845056799           0.00046042030786 
          4.07587341535363           0.00036056503263 
          4.16644838013927           0.00039703278894 
          4.25702334492490           0.00033681118636 
          4.34759830971054           0.00029994941728 
          4.43817327449618           0.00031156579043 
          4.52874823928181           0.00024773243230 
          4.61932320406745           0.00023193040468 
          4.70989816885309           0.00023199114887 
          4.80047313363872           0.00018219544852 
          4.89104809842436           0.00018485984726 
          4.98162306320999           0.00014329092617 
          5.07219802799563           0.00013660810132 
          5.16277299278127           0.00012868149055 
          5.25334795756690           0.00011329860499 
          5.34392292235254           0.00009767308690 
          5.43449788713817           0.00007489241877 
          5.52507285192381           0.00008215338138 
          5.61564781670945           0.00007410550650 
          5.70622278149508           0.00006559976846 
          5.79679774628072           0.00006620622989 
          5.88737271106636           0.00006156872669 
          5.97794767585199           0.00006059262789 
          6.06852264063763           0.00005164629538 
