          0.09852885850995          15.16969660254806 
          0.19705771701990           7.46222990754085 
          0.29558657552985           1.05703151821606 
          0.39411543403980           0.53933585377718 
          0.49264429254976           0.37745644646810 
          0.59117315105971           0.18488535665872 
          0.68970200956966           0.08187826464116 
          0.78823086807961           0.07835286851945 
          0.88675972658956           0.03811664468792 
          0.98528858509951           0.04343299048900 
          1.08381744360946           0.01630987958698 
          1.18234630211941           0.01340533463413 
          1.28087516062937           0.00777510284303 
          1.37940401913932           0.01110197053945 
          1.47793287764927           0.00638901483627 
          1.57646173615922           0.00610826166613 
          1.67499059466917           0.00486633047644 
          1.77351945317912           0.00364357566639 
          1.87204831168907           0.00328033078747 
          1.97057717019902           0.00326741985750 
          2.06910602870897           0.00281515674841 
          2.16763488721893           0.00201286484546 
          2.26616374572888           0.00218255850705 
          2.36469260423883           0.00183292588124 
          2.46322146274878           0.00194518908830 
          2.56175032125873           0.00170406946551 
          2.66027917976868           0.00175029951765 
          2.75880803827863           0.00126989701438 
          2.85733689678858           0.00124984117412 
          2.95586575529853           0.00118930511514 
          3.05439461380849           0.00086140445839 
          3.15292347231844           0.00102478102238 
          3.25145233082839           0.00093091763093 
          3.34998118933834           0.00085560252776 
          3.44851004784829           0.00090522013276 
          3.54703890635824           0.00086130811597 
          3.64556776486819           0.00074281605683 
          3.74409662337814           0.00063594317998 
          3.84262548188810           0.00064051618060 
          3.94115434039805           0.00062953350151 
          4.03968319890800           0.00062770633148 
          4.13821205741795           0.00054126220530 
          4.23674091592790           0.00046442704155 
          4.33526977443785           0.00032753559468 
          4.43379863294780           0.00044120241168 
          4.53232749145775           0.00038370431942 
          4.63085634996771           0.00036378432918 
          4.72938520847766           0.00027361584087 
          4.82791406698761           0.00028614639339 
          4.92644292549756           0.00026440779860 
          5.02497178400751           0.00017785567918 
          5.12350064251746           0.00018408666056 
          5.22202950102741           0.00014165103880 
          5.32055835953736           0.00015066775828 
          5.41908721804731           0.00010777019775 
          5.51761607655727           0.00011446774222 
          5.61614493506722           0.00010913599221 
          5.71467379357717           0.00009989829527 
          5.81320265208712           0.00007807082392 
          5.91173151059707           0.00006152340163 
          6.01026036910702           0.00005730827874 
          6.10878922761697           0.00005561714615 
