          0.09641223426699         117.35187264950299 
          0.19282446853398          12.24182719698358 
          0.28923670280096           1.18192431165989 
          0.38564893706795           1.47754708949903 
          0.48206117133494           0.30893715310121 
          0.57847340560193           0.11590190522420 
          0.67488563986891           0.08941873155457 
          0.77129787413590           0.07875919069093 
          0.86771010840289           0.03167871371554 
          0.96412234266988           0.03154112220261 
          1.06053457693686           0.01771314208002 
          1.15694681120385           0.01382144635643 
          1.25335904547084           0.01943483154470 
          1.34977127973783           0.01243011503207 
          1.44618351400481           0.00661492932923 
          1.54259574827180           0.00707763126589 
          1.63900798253879           0.00670266594992 
          1.73542021680578           0.00402738778650 
          1.83183245107277           0.00420060987236 
          1.92824468533975           0.00253699737869 
          2.02465691960674           0.00245789961830 
          2.12106915387373           0.00299508164074 
          2.21748138814072           0.00256663458142 
          2.31389362240770           0.00222506920366 
          2.41030585667469           0.00235650059985 
          2.50671809094168           0.00165446046604 
          2.60313032520867           0.00187539668662 
          2.69954255947565           0.00140199982165 
          2.79595479374264           0.00102827597033 
          2.89236702800963           0.00169699419270 
          2.98877926227662           0.00106563966762 
          3.08519149654361           0.00097359131731 
          3.18160373081059           0.00107364865946 
          3.27801596507758           0.00100537118973 
          3.37442819934457           0.00089092770428 
          3.47084043361156           0.00071577976824 
          3.56725266787854           0.00089109032039 
          3.66366490214553           0.00076897422323 
          3.76007713641252           0.00087302314238 
          3.85648937067951           0.00049436975458 
          3.95290160494649           0.00057521233103 
          4.04931383921348           0.00052395471622 
          4.14572607348047           0.00044022893643 
          4.24213830774746           0.00041103160824 
          4.33855054201444           0.00038301976040 
          4.43496277628143           0.00035261107925 
          4.53137501054842           0.00041106819893 
          4.62778724481541           0.00027164540722 
          4.72419947908240           0.00028039177410 
          4.82061171334938           0.00022486361127 
          4.91702394761637           0.00024155853624 
          5.01343618188336           0.00025774395810 
          5.10984841615035           0.00017256306980 
          5.20626065041733           0.00016358987685 
          5.30267288468432           0.00013462953917 
          5.39908511895131           0.00008147446688 
          5.49549735321830           0.00008830252117 
          5.59190958748528           0.00007863102382 
          5.68832182175227           0.00008312365092 
          5.78473405601926           0.00005630085927 
          5.88114629028625           0.00006048137962 
          5.97755852455323           0.00005778122079 
          6.07397075882022           0.00004920388415 
