          0.08975979010257 8886191496635.60550000000000 
          0.17951958020513 5114698319441.66890000000000 
          0.26927937030770 1060000349461.43580000000000 
          0.35903916041026 2947427487452.44580000000000 
          0.44879895051283 1285981164178.42870000000000 
          0.53855874061539 2894170429282.80180000000000 
          0.62831853071796 2142901252395.38400000000000 
          0.71807832082052 1091779614243.65690000000000 
          0.80783811092309 1124989862608.07130000000000 
          0.89759790102566 862559104545.08521000000000 
          0.98735769112822 785886805212.78857000000000 
          1.07711748123079 563152589349.13147000000000 
          1.16687727133335 244154772688.34811000000000 
          1.25663706143592 275380378029.88507000000000 
          1.34639685153848 246636830738.28888000000000 
          1.43615664164105 216979314207.72763000000000 
          1.52591643174361 143961213609.36420000000000 
          1.61567622184618 122157625303.56480000000000 
          1.70543601194874 118128366487.95964000000000 
          1.79519580205131 72040440544.96823100000000 
          1.88495559215388 67075219455.56708500000000 
          1.97471538225644 34792013744.55429800000000 
          2.06447517235901 50944546965.26947800000000 
          2.15423496246157 42150224623.54134400000000 
          2.24399475256414 35979513953.46933000000000 
          2.33375454266670 33907549441.12768200000000 
          2.42351433276927 43858919872.89596600000000 
          2.51327412287183 24009884468.87667800000000 
          2.60303391297440 19708125917.44343200000000 
          2.69279370307697 21101664365.48363500000000 
          2.78255349317953 17256122938.92389300000000 
          2.87231328328210 19088404787.46676300000000 
          2.96207307338466 11694536473.02452300000000 
          3.05183286348723 12163998488.03206400000000 
          3.14159265358979 11478877782.49053800000000 
          3.23135244369236 10456048801.79946900000000 
          3.32111223379492  7484654559.05043410000000 
          3.41087202389749  9558834176.80793570000000 
          3.50063181400006  8126427332.78299050000000 
          3.59039160410262  9353236629.59743500000000 
          3.68015139420519  7387163223.79232790000000 
          3.76991118430775  7118452754.97878740000000 
          3.85967097441032  6636087700.79901980000000 
          3.94943076451288  6906551671.54901220000000 
          4.03919055461545  6512697880.85132980000000 
          4.12895034471801  4945156450.18960090000000 
          4.21871013482058  6030070831.31142040000000 
          4.30846992492314  4255466248.17262460000000 
          4.39822971502571  3772517151.62137990000000 
          4.48798950512828  2569679230.20268390000000 
          4.57774929523084  2747746260.05542760000000 
          4.66750908533341  2680559566.21106910000000 
          4.75726887543597  2507424334.15558150000000 
          4.84702866553854  2722630076.63069390000000 
          4.93678845564110  2127732224.02238370000000 
          5.02654824574367  1933750817.28985830000000 
          5.11630803584623  1790909934.96093960000000 
          5.20606782594880  1763682211.76330330000000 
          5.29582761605137  1924128511.41739370000000 
          5.38558740615393  1467813843.55001950000000 
          5.47534719625650  1587521317.53707580000000 
          5.56510698635906  1349456925.47448920000000 
          5.65486677646163  1383197838.98165230000000 
          5.74462656656419  1018286015.24050060000000 
          5.83438635666676  1258981653.21038200000000 
          5.92414614676932  1302485058.63717320000000 
          6.01390593687189   860939314.60670042000000 
          6.10366572697446  1047052697.63138080000000 
          6.19342551707702   866266776.68571258000000 
          6.28318530717959   805154302.08296764000000 
          6.37294509728215   866911823.61937785000000 
          6.46270488738472   748004304.55111802000000 
          6.55246467748728   755541735.13271987000000 
          6.64222446758985   667895079.01309669000000 
          6.73198425769241   729194687.36271513000000 
          6.82174404779498   602002506.27475226000000 
          6.91150383789754   636496858.64262748000000 
          7.00126362800011   528685299.74907839000000 
          7.09102341810268   575467986.06367934000000 
          7.18078320820524   529533620.06522280000000 
          7.27054299830781   547138769.58863831000000 
          7.36030278841037   442949326.75506687000000 
          7.45006257851294   469484878.86167181000000 
          7.53982236861550   447332409.33050960000000 
          7.62958215871807   425005645.60610306000000 
          7.71934194882063   449098710.46544802000000 
          7.80910173892320   355890738.07700849000000 
          7.89886152902576   425717095.84297651000000 
          7.98862131912833   340895916.90072978000000 
          8.07838110923090   419615608.63242698000000 
          8.16814089933346   325290618.21965772000000 
          8.25790068943603   336488000.10363930000000 
          8.34766047953859   311087207.05882323000000 
          8.43742026964116   319433323.44271296000000 
          8.52718005974372   334794774.80514830000000 
          8.61693984984629   300939198.60487092000000 
          8.70669963994886   280644508.45273066000000 
          8.79645943005142   252074159.73777553000000 
          8.88621922015399   250441576.68946898000000 
          8.97597901025655   250347045.71065274000000 
          9.06573880035912   242624158.14721301000000 
          9.15549859046168   233446563.02049336000000 
          9.24525838056425   240726629.20322567000000 
          9.33501817066681   240772008.06860468000000 
          9.42477796076938   223686419.44563097000000 
          9.51453775087194   221101494.95626348000000 
          9.60429754097451   205321049.41625032000000 
          9.69405733107708   226840630.15293086000000 
          9.78381712117964   211500734.05560037000000 
          9.87357691128221   188651044.38552588000000 
          9.96333670138477   186891272.93657202000000 
         10.05309649148734   171858804.69057593000000 
         10.14285628158990   181263126.11760068000000 
         10.23261607169247   151687843.19184080000000 
         10.32237586179504   163605435.77781937000000 
         10.41213565189760   156415200.97612342000000 
         10.50189544200017   158927804.04971457000000 
         10.59165523210273   147679617.98043031000000 
         10.68141502220530   148883518.49483550000000 
         10.77117481230786   141416800.77936083000000 
         10.86093460241043   139704182.25444832000000 
         10.95069439251299   143496295.74419230000000 
         11.04045418261556   122946731.29428348000000 
         11.13021397271812   131826759.77191076000000 
         11.21997376282069   117749319.27651457000000 
         11.30973355292326   129608866.17917930000000 
         11.39949334302582   122421516.77389099000000 
         11.48925313312839   119536601.60272841000000 
         11.57901292323095   115765152.86364357000000 
         11.66877271333352   112513166.72001448000000 
         11.75853250343608   125610097.20382208000000 
         11.84829229353865   107906341.53868455000000 
         11.93805208364121   108679268.68808033000000 
         12.02781187374378   116899554.66017479000000 
         12.11757166384635   100851966.20467851000000 
         12.20733145394891   106222267.11536367000000 
         12.29709124405148    99242997.90560761100000 
         12.38685103415404   105377574.07361685000000 
         12.47661082425661   106753945.91865605000000 
         12.56637061435917    95171761.71704264000000 
         12.65613040446174    93532992.81419505200000 
         12.74589019456430    93188291.03184567400000 
         12.83564998466687    85726733.40498310300000 
         12.92540977476944    96707371.67898455300000 
         13.01516956487200    80342093.63382542100000 
         13.10492935497457    88740116.34543660300000 
         13.19468914507713    83457739.44644978600000 
         13.28444893517970    82866033.92216652600000 
         13.37420872528226    78255488.48208530200000 
         13.46396851538483    76176372.99068316800000 
         13.55372830548739    77962514.02578698100000 
         13.64348809558996    79363335.37821190100000 
         13.73324788569252    78281032.53391856000000 
         13.82300767579509    69381818.50858303900000 
         13.91276746589766    72271317.91929622000000 
         14.00252725600022    70138518.56018018700000 
         14.09228704610279    65031365.79799885300000 
         14.18204683620535    71447905.44495992400000 
         14.27180662630792    64077948.09366375200000 
         14.36156641641048    69194000.45207488500000 
         14.45132620651305    61964298.75439371900000 
         14.54108599661561    68530843.55551277100000 
         14.63084578671818    66034812.03677862900000 
         14.72060557682074    62509908.40952910500000 
         14.81036536692331    69988489.58076839100000 
         14.90012515702588    59375143.77987770700000 
         14.98988494712844    63896239.48917387400000 
         15.07964473723101    59892977.15896184700000 
         15.16940452733357    55940530.99641024300000 
         15.25916431743614    56264270.92949692200000 
         15.34892410753870    57321391.21658927200000 
         15.43868389764127    57003535.19909019800000 
         15.52844368774384    52869289.81601546700000 
         15.61820347784640    52986272.41012219300000 
         15.70796326794896    51972721.86739671200000 
         15.79772305805153    50478900.41511505100000 
         15.88748284815410    51807599.71571622000000 
         15.97724263825666    48278185.09883873900000 
         16.06700242835923    47173288.91918116800000 
         16.15676221846179    50988801.45295777900000 
         16.24652200856436    47415858.93434119200000 
         16.33628179866692    45453131.98308464900000 
         16.42604158876949    44453742.06632908400000 
         16.51580137887206    46366841.47552941000000 
         16.60556116897462    45814646.62505659500000 
         16.69532095907719    41792086.48068657500000 
         16.78508074917975    43685420.89386238200000 
         16.87484053928232    41840251.53208667800000 
         16.96460032938488    45258039.43673745500000 
         17.05436011948745    42419341.67832818600000 
         17.14411990959001    42429279.37299587600000 
         17.23387969969258    42696258.45369189200000 
         17.32363948979515    38288367.88832102700000 
         17.41339927989771    40325732.34356255800000 
         17.50315907000028    39808205.59535068300000 
         17.59291886010284    38153578.62638923500000 
         17.68267865020541    39292273.22814946600000 
         17.77243844030797    39615950.60529988300000 
         17.86219823041054    39633057.56789674600000 
         17.95195802051310    37090815.89844077800000 
         18.04171781061567    38464071.92221522300000 
         18.13147760071824    37361482.80224520000000 
         18.22123739082080    34418109.21421007800000 
         18.31099718092337    35256783.05590236900000 
         18.40075697102593    33388051.96768097600000 
         18.49051676112850    34428765.57817780200000 
         18.58027655123106    33408350.10530365300000 
         18.67003634133363    32651246.73448114100000 
         18.75979613143619    33124401.93123913600000 
         18.84955592153876    32105923.23660427700000 
         18.93931571164132    31196228.32362186500000 
         19.02907550174389    31882525.56449879300000 
         19.11883529184646    32449357.43697408200000 
         19.20859508194902    30980997.55078838400000 
         19.29835487205159    32093329.36913621400000 
         19.38811466215415    29436847.10513680400000 
         19.47787445225672    29783535.57471633000000 
         19.56763424235928    30091255.30101451700000 
         19.65739403246185    29495490.65583530800000 
         19.74715382256441    28955702.94034601000000 
         19.83691361266698    28334266.28007036400000 
         19.92667340276955    27612457.45483826500000 
         20.01643319287211    28317091.07357953500000 
         20.10619298297468    27091539.76432041500000 
         20.19595277307724    27796087.23255348600000 
         20.28571256317981    26876937.96587709700000 
         20.37547235328237    27126340.80851917700000 
         20.46523214338494    28065820.18731591500000 
         20.55499193348750    26386028.33548993600000 
         20.64475172359007    27361091.40010400900000 
         20.73451151369264    26643895.13811217600000 
         20.82427130379520    25627396.80908663900000 
         20.91403109389777    25257580.26810794000000 
         21.00379088400033    24449446.03361685200000 
         21.09355067410290    25519383.92990512000000 
         21.18331046420546    24659551.42464909000000 
         21.27307025430803    23768616.34831380500000 
         21.36283004441059    24919367.12841097300000 
         21.45258983451316    23262868.91977690200000 
         21.54234962461572    23868378.06742762800000 
         21.63210941471829    22460701.41362014800000 
         21.72186920482086    22428320.31505768400000 
         21.81162899492342    22872049.29088303100000 
         21.90138878502599    22083461.03755372800000 
         21.99114857512855    23072555.42465842500000 
         22.08090836523112    21135960.98276934000000 
         22.17066815533368    22530760.54593456500000 
         22.26042794543625    22594673.34785498300000 
         22.35018773553881    22131759.52295037700000 
         22.43994752564138    21629049.78143831300000 
         22.52970731574395    20833362.54513649600000 
         22.61946710584651    22282247.73370120300000 
         22.70922689594908    21539006.74841123800000 
         22.79898668605164    20909970.81087199600000 
         22.88874647615421    20718114.71736101800000 
         22.97850626625677    21089994.99319405100000 
         23.06826605635934    21449781.62156404200000 
         23.15802584646190    19887033.05548153400000 
         23.24778563656447    20045311.05563930000000 
         23.33754542666704    20163549.59580645300000 
         23.42730521676960    19588739.98405518800000 
         23.51706500687217    19891054.22021118600000 
         23.60682479697473    19484181.98334264400000 
         23.69658458707730    19709666.19216975200000 
         23.78634437717986    19073348.47306328300000 
         23.87610416728243    19474176.51134989000000 
         23.96586395738499    18800067.28457652400000 
         24.05562374748756    18371489.45667371500000 
         24.14538353759012    18571343.08811374000000 
         24.23514332769269    18605688.62134726700000 
         24.32490311779526    17969014.91234899300000 
         24.41466290789782    17830218.95258021400000 
         24.50442269800039    18262694.83373363300000 
         24.59418248810295    18344246.19727219600000 
         24.68394227820552    17235999.41495244200000 
         24.77370206830808    18560391.88655729600000 
         24.86346185841065    17377203.83999616700000 
         24.95322164851321    17482598.93354135000000 
         25.04298143861578    17305031.47992709300000 
         25.13274122871835    16782199.24710001400000 
         25.22250101882091    17091874.21941642800000 
         25.31226080892348    16699627.22227203500000 
         25.40202059902604    16679425.93747926300000 
         25.49178038912861    16502557.06136911500000 
         25.58154017923117    16399093.70862915600000 
         25.67129996933374    16560605.27032685500000 
         25.76105975943630    16100926.65839384700000 
         25.85081954953887    16316330.84441016800000 
         25.94057933964144    15776564.66041999100000 
         26.03033912974400    15723971.83334378900000 
         26.12009891984657    16460245.70286990500000 
         26.20985870994913    15182524.74890636300000 
         26.29961850005170    15548519.74220188700000 
         26.38937829015426    15497329.22375405000000 
         26.47913808025683    15421227.05789524700000 
         26.56889787035939    15379609.72857333200000 
         26.65865766046196    15043851.99850740300000 
         26.74841745056452    15587716.77510769500000 
         26.83817724066709    15006167.61059100700000 
         26.92793703076966    15032107.28124077400000 
         27.01769682087222    15090725.47708499600000 
         27.10745661097479    14417107.25085557300000 
         27.19721640107735    14952259.56033706700000 
         27.28697619117992    14606823.74114726900000 
         27.37673598128248    14317698.08633935800000 
         27.46649577138505    14761045.39929202800000 
         27.55625556148761    14578504.07702103800000 
         27.64601535159018    14704661.68129277200000 
         27.73577514169275    14293017.68277510100000 
         27.82553493179531    14638596.09087995100000 
         27.91529472189788    14116866.36287423600000 
         28.00505451200044    14479141.72734462300000 
         28.09481430210301    14199093.11447264600000 
         28.18457409220557    13622339.10397850500000 
         28.27433388230814    14007030.16045684600000 
         28.36409367241070    14088758.64847340800000 
         28.45385346251327    13916311.87176633300000 
         28.54361325261584    13514809.21993135300000 
         28.63337304271840    13691422.77891509200000 
         28.72313283282097    13791671.75874071000000 
         28.81289262292353    13695544.66270775000000 
         28.90265241302610    13199317.80399431700000 
         28.99241220312866    13311719.09677944000000 
         29.08217199323123    13682671.67727558100000 
         29.17193178333379    13085856.85997326100000 
         29.26169157343636    13049324.47360856500000 
         29.35145136353892    13383699.13770571000000 
         29.44121115364149    13293931.97459834800000 
         29.53097094374406    13356567.14420673800000 
         29.62073073384662    12935807.09873120100000 
         29.71049052394919    13295575.91435931600000 
         29.80025031405176    13137724.64923000500000 
         29.89001010415432    12493261.21402955600000 
         29.97976989425689    12843506.24251521400000 
         30.06952968435945    12713845.25341228800000 
         30.15928947446201    12958319.44800223000000 
         30.24904926456458    13046162.86594085000000 
         30.33880905466715    12307246.49455610500000 
         30.42856884476971    12639510.18871011400000 
         30.51832863487228    12352909.12361756200000 
         30.60808842497484    12723102.94558467900000 
         30.69784821507741    12671003.43658850300000 
         30.78760800517998    11945918.36906223200000 
         30.87736779528254    12880996.69558294300000 
         30.96712758538511    11958095.02202101400000 
         31.05688737548767    12447118.44399937200000 
         31.14664716559024    12174186.12416021500000 
         31.23640695569280    12319420.41993450000000 
