          0.08152569491604          47.27956964250173 
          0.16305138983209          40.08470012604118 
          0.24457708474813           5.90859216218036 
          0.32610277966418           5.09182734912015 
          0.40762847458022           1.81029578205938 
          0.48915416949627           0.55468924492673 
          0.57067986441231           0.37999993461934 
          0.65220555932836           0.17637904358206 
          0.73373125424440           0.23882025365499 
          0.81525694916045           0.12877397125029 
          0.89678264407649           0.08168120897419 
          0.97830833899254           0.03892087628742 
          1.05983403390858           0.02940740556779 
          1.14135972882463           0.04373292737533 
          1.22288542374067           0.04056415755936 
          1.30441111865672           0.02301945896264 
          1.38593681357276           0.01590239063389 
          1.46746250848881           0.01237137098269 
          1.54898820340485           0.01349418525276 
          1.63051389832090           0.01084035807248 
          1.71203959323694           0.00702508370980 
          1.79356528815299           0.00911369352341 
          1.87509098306903           0.00731577302651 
          1.95661667798508           0.00686147442735 
          2.03814237290112           0.00396670876652 
          2.11966806781717           0.00427239842551 
          2.20119376273321           0.00364348321108 
          2.28271945764926           0.00314432522740 
          2.36424515256530           0.00287670014185 
          2.44577084748135           0.00278077557230 
          2.52729654239739           0.00191257445631 
          2.60882223731344           0.00157634466195 
          2.69034793222948           0.00163742884348 
          2.77187362714553           0.00162010165276 
          2.85339932206157           0.00123127472159 
          2.93492501697762           0.00124902377605 
          3.01645071189366           0.00114557107631 
          3.09797640680971           0.00098776228164 
          3.17950210172575           0.00086945293028 
          3.26102779664180           0.00073850936694 
          3.34255349155784           0.00065821593714 
          3.42407918647389           0.00065486133225 
          3.50560488138993           0.00064447331946 
          3.58713057630598           0.00052097352827 
          3.66865627122202           0.00040465832468 
          3.75018196613807           0.00049445993575 
          3.83170766105411           0.00036625896833 
          3.91323335597016           0.00028657050223 
          3.99475905088620           0.00024218754722 
          4.07628474580225           0.00024229767887 
          4.15781044071829           0.00021148865078 
          4.23933613563434           0.00020876280714 
          4.32086183055038           0.00022784735809 
          4.40238752546643           0.00020269199897 
          4.48391322038247           0.00014197182259 
          4.56543891529852           0.00015290815720 
          4.64696461021456           0.00013733683583 
          4.72849030513061           0.00011192886008 
          4.81001600004665           0.00010494117786 
          4.89154169496270           0.00008199204283 
          4.97306738987874           0.00008114003535 
          5.05459308479479           0.00008105803404 
          5.13611877971083           0.00008190031477 
          5.21764447462688           0.00006058336450 
          5.29917016954292           0.00006384977424 
          5.38069586445897           0.00005139758584 
          5.46222155937501           0.00005334568059 
          5.54374725429106           0.00004814260498 
          5.62527294920710           0.00004561822614 
          5.70679864412315           0.00004040460911 
          5.78832433903919           0.00004589640070 
          5.86985003395524           0.00004020175925 
          5.95137572887128           0.00003557086973 
          6.03290142378733           0.00003378231966 
          6.11442711870337           0.00003294360384 
