          0.08303403339738        1043.07125512745850 
          0.16606806679476          79.75290362259219 
          0.24910210019213          15.07797799311528 
          0.33213613358951           6.96267049454440 
          0.41517016698689           1.98688756590574 
          0.49820420038427           1.65285010244434 
          0.58123823378165           0.55357493838524 
          0.66427226717902           0.28908504712602 
          0.74730630057640           0.18758893711366 
          0.83034033397378           0.18252326066942 
          0.91337436737116           0.06748825029322 
          0.99640840076853           0.06625531042270 
          1.07944243416591           0.07077812920754 
          1.16247646756329           0.03935293674369 
          1.24551050096067           0.01964340225150 
          1.32854453435805           0.02883970203673 
          1.41157856775542           0.01424848907422 
          1.49461260115280           0.01173169456542 
          1.57764663455018           0.01370935280770 
          1.66068066794756           0.01806084726446 
          1.74371470134494           0.00911852277042 
          1.82674873474231           0.00952984156900 
          1.90978276813969           0.00596186367669 
          1.99281680153707           0.00541235916046 
          2.07585083493445           0.00352186671924 
          2.15888486833183           0.00426969570771 
          2.24191890172920           0.00421290665518 
          2.32495293512658           0.00358836901373 
          2.40798696852396           0.00364654318147 
          2.49102100192134           0.00250207417545 
          2.57405503531872           0.00213748989350 
          2.65708906871609           0.00216195788192 
          2.74012310211347           0.00239007415167 
          2.82315713551085           0.00141396253913 
          2.90619116890823           0.00178778542364 
          2.98922520230560           0.00151633595619 
