          0.12566370614359       29873.95557136627400 
          0.25132741228718         780.22732710242371 
          0.37699111843078         391.61686067012272 
          0.50265482457437         175.17318114302327 
          0.62831853071796          62.72269790890030 
          0.75398223686155          52.11076489761398 
          0.87964594300514          30.76386306721274 
          1.00530964914873          24.25206499330160 
          1.13097335529233          19.23694941539072 
          1.25663706143592          15.41071738318672 
          1.38230076757951          14.01835584590286 
