          0.12566370614359       18861.05294293322700 
          0.25132741228718         745.00299111736751 
          0.37699111843078         210.02007052850618 
          0.50265482457437          99.60812701874681 
          0.62831853071796          38.22185967842627 
          0.75398223686155          32.75323217422447 
          0.87964594300514          16.06452159494184 
          1.00530964914873          13.31438760314480 
          1.13097335529233          11.95903653370533 
          1.25663706143592           8.90582973109505 
          1.38230076757951           8.94027111681984 
