          0.08459923666594        8814.85749661436600 
          0.16919847333189          38.45545184703289 
          0.25379770999783          15.03288473834845 
          0.33839694666377           5.04853186528612 
          0.42299618332972           2.45476300119332 
          0.50759541999566           0.58398103551279 
          0.59219465666160           0.62118499322199 
          0.67679389332754           0.34202194268003 
          0.76139312999349           0.19320071569869 
          0.84599236665943           0.09964760176808 
          0.93059160332537           0.08920172561892 
          1.01519083999132           0.05191607785222 
          1.09979007665726           0.06219009632062 
          1.18438931332320           0.03497698020643 
          1.26898854998914           0.03577887778390 
          1.35358778665509           0.03478104775787 
          1.43818702332103           0.02655711757508 
          1.52278625998697           0.01390569259163 
          1.60738549665292           0.01353971014863 
          1.69198473331886           0.01646126150782 
          1.77658396998480           0.01151308269802 
          1.86118320665075           0.00578942004286 
          1.94578244331669           0.00700731872657 
          2.03038167998263           0.00914038647564 
          2.11498091664857           0.00689428410191 
          2.19958015331452           0.00472983823340 
          2.28417938998046           0.00472690528233 
          2.36877862664640           0.00505580667762 
          2.45337786331235           0.00401457129108 
          2.53797709997829           0.00330621315484 
          2.62257633664423           0.00344757116121 
          2.70717557331018           0.00338172199169 
          2.79177480997612           0.00339975987993 
          2.87637404664206           0.00360520306929 
          2.96097328330800           0.00265605790734 
