          0.08622458223109        9558.46617718390370 
          0.17244916446218         100.37208719965599 
          0.25867374669327          14.87259091396717 
          0.34489832892436           3.01482294148330 
          0.43112291115545           1.45058196069006 
          0.51734749338654           0.51903304057389 
          0.60357207561764           0.32812283019706 
          0.68979665784873           0.27046585867653 
          0.77602124007982           0.14932010633513 
          0.86224582231091           0.12273784015118 
          0.94847040454200           0.07538966200881 
          1.03469498677309           0.06237000252449 
          1.12091956900418           0.04527438366239 
          1.20714415123527           0.03047173749334 
          1.29336873346636           0.01533545071357 
          1.37959331569745           0.02886316586519 
          1.46581789792854           0.01713546584035 
          1.55204248015963           0.01032544522886 
          1.63826706239073           0.01119420638606 
          1.72449164462182           0.00820867414018 
          1.81071622685291           0.00901414223695 
          1.89694080908400           0.00726564983709 
          1.98316539131509           0.00499835265148 
          2.06938997354618           0.00581363333752 
          2.15561455577727           0.00452231066647 
          2.24183913800836           0.00522691232214 
          2.32806372023945           0.00448503934800 
          2.41428830247054           0.00296543382953 
          2.50051288470163           0.00290316781106 
          2.58673746693272           0.00337618927489 
          2.67296204916381           0.00134241447752 
          2.75918663139491           0.00193094922496 
          2.84541121362600           0.00163345387323 
          2.93163579585709           0.00175291480255 
          3.01786037808818           0.00118683586923 
          3.10408496031927           0.00123226305920 
          3.19030954255036           0.00092897481613 
          3.27653412478145           0.00096568330402 
          3.36275870701254           0.00099851118068 
          3.44898328924363           0.00072104601998 
          3.53520787147472           0.00067413232728 
          3.62143245370581           0.00056958151844 
          3.70765703593690           0.00058092179968 
          3.79388161816800           0.00067598360140 
          3.88010620039909           0.00049918232220 
          3.96633078263018           0.00042691390585 
          4.05255536486127           0.00043854497813 
          4.13877994709236           0.00035897598850 
          4.22500452932345           0.00042273064606 
          4.31122911155454           0.00029532133813 
          4.39745369378563           0.00028032797408 
          4.48367827601672           0.00027204042321 
          4.56990285824781           0.00024668827490 
          4.65612744047890           0.00022862249262 
          4.74235202270999           0.00019816314541 
          4.82857660494108           0.00017084505919 
          4.91480118717218           0.00014889699573 
          5.00102576940327           0.00014866266785 
          5.08725035163436           0.00015229122739 
          5.17347493386545           0.00013552237859 
          5.25969951609654           0.00010984578679 
          5.34592409832763           0.00010852716781 
          5.43214868055872           0.00011122567120 
          5.51837326278981           0.00009877689793 
          5.60459784502090           0.00008644382103 
          5.69082242725199           0.00008942287106 
          5.77704700948308           0.00008175998620 
          5.86327159171418           0.00007954618142 
          5.94949617394527           0.00008519197063 
          6.03572075617636           0.00007623047524 
          6.12194533840745           0.00007857098725 
