          0.09745905548596       54050.60976287488300 
          0.19491811097191         246.15434454251289 
          0.29237716645787          48.30472775567160 
          0.38983622194382          12.86751496266730 
          0.48729527742978           2.71722861840461 
          0.58475433291574           1.45251429387452 
          0.68221338840169           0.90842045788416 
          0.77967244388765           0.37945183972867 
          0.87713149937360           0.27857292912933 
          0.97459055485956           0.23037648676560 
          1.07204961034552           0.07032145431294 
          1.16950866583147           0.14612153605126 
          1.26696772131743           0.07559190302748 
          1.36442677680338           0.06594546661650 
          1.46188583228934           0.05257440477379 
          1.55934488777530           0.03974980584415 
          1.65680394326125           0.02784054471315 
          1.75426299874721           0.02539380636499 
          1.85172205423316           0.01747407580967 
          1.94918110971912           0.01408395647377 
          2.04664016520508           0.01139690505742 
          2.14409922069103           0.01036327628125 
          2.24155827617699           0.00922509418640 
          2.33901733166295           0.00884593299432 
          2.43647638714890           0.00596858691976 
          2.53393544263486           0.00544723908846 
          2.63139449812081           0.00584753673435 
          2.72885355360677           0.00476700701222 
          2.82631260909273           0.00389412837003 
          2.92377166457868           0.00376769848781 
          3.02123072006464           0.00319761066267 
          3.11868977555059           0.00367245366737 
          3.21614883103655           0.00311952335023 
          3.31360788652251           0.00223924897595 
          3.41106694200846           0.00255254072477 
          3.50852599749442           0.00201326018985 
          3.60598505298037           0.00180712437202 
          3.70344410846633           0.00196260707650 
          3.80090316395229           0.00126758002259 
          3.89836221943824           0.00137053677240 
          3.99582127492420           0.00130313764528 
          4.09328033041015           0.00117143809176 
          4.19073938589611           0.00093258515429 
          4.28819844138207           0.00101315448752 
          4.38565749686802           0.00078958011613 
          4.48311655235398           0.00070666222930 
          4.58057560783993           0.00064834285604 
          4.67803466332589           0.00060271978443 
          4.77549371881185           0.00053623877085 
          4.87295277429780           0.00057566935573 
          4.97041182978376           0.00059978281323 
          5.06787088526971           0.00054590272814 
          5.16532994075567           0.00050016442326 
          5.26278899624163           0.00059428972421 
          5.36024805172758           0.00037623146508 
          5.45770710721354           0.00044048955175 
          5.55516616269949           0.00038374637753 
          5.65262521818545           0.00030322614115 
          5.75008427367141           0.00036037680495 
          5.84754332915736           0.00036051421441 
          5.94500238464332           0.00033852821116 
          6.04246144012927           0.00034920491561 
