          0.08706090213634       12195.68891820882700 
          0.17412180427268          70.16594149549653 
          0.26118270640902           9.08281412145705 
          0.34824360854536           3.85262003920476 
          0.43530451068170           2.61489076095781 
          0.52236541281803           0.77427354950412 
          0.60942631495437           0.45011697525362 
          0.69648721709071           0.16884041689203 
          0.78354811922705           0.16714721765594 
          0.87060902136339           0.10562767867192 
          0.95766992349973           0.08195016159939 
          1.04473082563607           0.07126278137670 
          1.13179172777241           0.04358155178784 
          1.21885262990875           0.03056874152000 
          1.30591353204509           0.03130747966460 
          1.39297443418142           0.02201630157465 
          1.48003533631776           0.01508903162433 
          1.56709623845410           0.00972240311333 
          1.65415714059044           0.01316383464209 
          1.74121804272678           0.00860144408203 
          1.82827894486312           0.00712078736379 
          1.91533984699946           0.00729143064069 
          2.00240074913580           0.00721674196172 
          2.08946165127214           0.00504420330218 
          2.17652255340848           0.00505269472740 
          2.26358345554481           0.00488972740277 
          2.35064435768115           0.00364195613556 
          2.43770525981749           0.00310858513446 
          2.52476616195383           0.00258518017941 
          2.61182706409017           0.00284506986673 
          2.69888796622651           0.00179764122426 
          2.78594886836285           0.00257678977939 
          2.87300977049919           0.00169867401705 
          2.96007067263553           0.00155009873070 
          3.04713157477187           0.00145810260367 
          3.13419247690821           0.00141053088780 
          3.22125337904454           0.00120677935965 
          3.30831428118088           0.00118007741123 
          3.39537518331722           0.00121130577826 
          3.48243608545356           0.00084427612774 
          3.56949698758990           0.00104330424205 
          3.65655788972624           0.00059413773319 
          3.74361879186258           0.00061038758898 
          3.83067969399892           0.00058326572134 
          3.91774059613526           0.00061313222564 
          4.00480149827160           0.00063233654849 
          4.09186240040793           0.00050012453768 
          4.17892330254427           0.00044607809329 
          4.26598420468061           0.00038363055640 
          4.35304510681695           0.00039111746769 
          4.44010600895329           0.00025994974753 
          4.52716691108963           0.00028780243975 
          4.61422781322597           0.00026409108585 
          4.70128871536231           0.00026266656817 
          4.78834961749865           0.00022643812725 
          4.87541051963499           0.00021571504173 
          4.96247142177132           0.00018298571239 
          5.04953232390766           0.00020604172712 
          5.13659322604400           0.00021319723333 
          5.22365412818034           0.00018161530312 
          5.31071503031668           0.00014432460088 
          5.39777593245302           0.00013761347554 
          5.48483683458936           0.00014326408335 
          5.57189773672570           0.00015509577392 
          5.65895863886204           0.00012855260222 
          5.74601954099838           0.00012413981589 
          5.83308044313471           0.00011204117305 
          5.92014134527105           0.00009614227461 
          6.00720224740739           0.00011430355191 
          6.09426314954373           0.00009912368549 
