          0.09962240854891       57725.29845122197700 
          0.19924481709781         306.29963492774141 
          0.29886722564672         109.17970107995545 
          0.39848963419563          22.85663632238202 
          0.49811204274454           3.65881032267725 
          0.59773445129344           2.34592714977714 
          0.69735685984235           1.33780282059863 
          0.79697926839126           0.78982823035566 
          0.89660167694017           0.79799989433466 
          0.99622408548907           0.27618235012354 
          1.09584649403798           0.44885704493212 
          1.19546890258689           0.21411832905721 
          1.29509131113580           0.09757704781307 
          1.39471371968470           0.09645802494365 
          1.49433612823361           0.05056715584659 
          1.59395853678252           0.03765592050303 
          1.69358094533143           0.03897512220406 
          1.79320335388033           0.02842930995974 
          1.89282576242924           0.02112653838595 
          1.99244817097815           0.01914355295340 
          2.09207057952705           0.01767898586205 
          2.19169298807596           0.01185849631672 
          2.29131539662487           0.01244987646527 
          2.39093780517378           0.00941909110683 
          2.49056021372268           0.00893143675768 
          2.59018262227159           0.00686035975376 
          2.68980503082050           0.00570749991446 
          2.78942743936941           0.00572056299091 
          2.88904984791831           0.00509982625002 
          2.98867225646722           0.00396922160815 
          3.08829466501613           0.00388867698578 
          3.18791707356504           0.00269251450996 
          3.28753948211394           0.00337123708619 
          3.38716189066285           0.00255029222794 
          3.48678429921176           0.00257718280704 
          3.58640670776066           0.00245228998416 
          3.68602911630957           0.00161584276716 
          3.78565152485848           0.00187795906295 
          3.88527393340739           0.00138440724189 
          3.98489634195629           0.00157152584813 
          4.08451875050520           0.00130055415489 
          4.18414115905411           0.00135372858179 
          4.28376356760302           0.00147824602739 
          4.38338597615192           0.00110871722557 
          4.48300838470083           0.00109952075133 
          4.58263079324974           0.00078942236528 
          4.68225320179865           0.00122285538409 
          4.78187561034755           0.00112608506961 
          4.88149801889646           0.00103737974814 
          4.98112042744537           0.00081363390207 
          5.08074283599427           0.00074479976331 
          5.18036524454318           0.00071741568753 
          5.27998765309209           0.00076876749779 
          5.37961006164100           0.00063841012232 
          5.47923247018990           0.00056051002172 
          5.57885487873881           0.00070274395078 
          5.67847728728772           0.00067644616446 
          5.77809969583663           0.00050343307281 
          5.87772210438553           0.00050234831164 
          5.97734451293444           0.00059509604793 
          6.07696692148335           0.00061053470556 
