          0.08227295151473         172.48257827023548 
          0.16454590302945          11.55960906393484 
          0.24681885454418           7.37264527977860 
          0.32909180605890           4.67287296741493 
          0.41136475757363           1.62699537749171 
          0.49363770908835           0.58111107389775 
          0.57591066060308           0.43336975176791 
          0.65818361211780           0.18159058988550 
          0.74045656363253           0.26265977090740 
          0.82272951514725           0.16789357329263 
          0.90500246666198           0.06832658319911 
          0.98727541817671           0.06146808150318 
          1.06954836969143           0.06358567602554 
          1.15182132120616           0.03424349526627 
          1.23409427272088           0.02754508527403 
          1.31636722423561           0.02512760790818 
          1.39864017575033           0.02144698146060 
          1.48091312726506           0.01576369174797 
          1.56318607877978           0.01212856794222 
          1.64545903029451           0.01249665369860 
          1.72773198180924           0.00738296409313 
          1.81000493332396           0.00778461489735 
          1.89227788483869           0.00616659339181 
          1.97455083635341           0.00621923481367 
          2.05682378786814           0.00466184689625 
          2.13909673938286           0.00442123270756 
          2.22136969089759           0.00324253904982 
          2.30364264241231           0.00341784823986 
          2.38591559392704           0.00275913203044 
          2.46818854544176           0.00167904995424 
          2.55046149695649           0.00186933202961 
          2.63273444847122           0.00193753045203 
          2.71500739998594           0.00181924960366 
          2.79728035150067           0.00171249974411 
          2.87955330301539           0.00136040130002 
          2.96182625453012           0.00120700733855 
          3.04409920604484           0.00128672055312 
          3.12637215755957           0.00127318492382 
          3.20864510907429           0.00090044801863 
          3.29091806058902           0.00070820109987 
          3.37319101210374           0.00078324013841 
          3.45546396361847           0.00076822768748 
          3.53773691513320           0.00064552515207 
          3.62000986664792           0.00053897541483 
          3.70228281816265           0.00051364986159 
          3.78455576967737           0.00039396561830 
          3.86682872119210           0.00045134491364 
          3.94910167270682           0.00038443494199 
          4.03137462422155           0.00038774818056 
          4.11364757573627           0.00028494095471 
          4.19592052725100           0.00026732641330 
          4.27819347876573           0.00025702557373 
          4.36046643028045           0.00018910811505 
          4.44273938179518           0.00023296484896 
          4.52501233330990           0.00019637428687 
          4.60728528482463           0.00015502103677 
          4.68955823633935           0.00016969843026 
          4.77183118785408           0.00015462058603 
          4.85410413936880           0.00014137474930 
          4.93637709088353           0.00009590221055 
          5.01865004239825           0.00009876092580 
          5.10092299391298           0.00010463068518 
          5.18319594542771           0.00009104121725 
          5.26546889694243           0.00009442049943 
          5.34774184845716           0.00008944243307 
          5.43001479997188           0.00008014824680 
          5.51228775148661           0.00008108090140 
          5.59456070300133           0.00006626037850 
          5.67683365451606           0.00007596643654 
          5.75910660603078           0.00006140039076 
          5.84137955754551           0.00007512439945 
          5.92365250906024           0.00006520911103 
          6.00592546057496           0.00005880638106 
          6.08819841208969           0.00005970040571 
