          0.09149825698529       31058.83283104883600 
          0.18299651397057         195.20718922169573 
          0.27449477095586          40.15494370611708 
          0.36599302794114           7.45612346199688 
          0.45749128492643           2.10768630092554 
          0.54898954191172           1.69180596017548 
          0.64048779889700           0.41741861298873 
          0.73198605588229           0.30293163829454 
          0.82348431286757           0.25928417966631 
          0.91498256985286           0.14081983477901 
          1.00648082683815           0.06779983066625 
          1.09797908382343           0.07804450059268 
          1.18947734080872           0.05104529288443 
          1.28097559779400           0.04380123138105 
          1.37247385477929           0.02804292503287 
          1.46397211176458           0.02548604818774 
          1.55547036874986           0.02308040407207 
          1.64696862573515           0.01693310500331 
          1.73846688272043           0.01333990547260 
          1.82996513970572           0.01009379831574 
          1.92146339669101           0.00935232942542 
          2.01296165367629           0.00697998703094 
          2.10445991066158           0.00790412378118 
          2.19595816764686           0.00597389825060 
          2.28745642463215           0.00516335205364 
          2.37895468161743           0.00421817660093 
          2.47045293860272           0.00335882000238 
          2.56195119558801           0.00336178357850 
          2.65344945257329           0.00288817390043 
          2.74494770955858           0.00250133330751 
          2.83644596654386           0.00282407535742 
          2.92794422352915           0.00216170434848 
          3.01944248051444           0.00251125931486 
          3.11094073749972           0.00163649052008 
          3.20243899448501           0.00180411744814 
          3.29393725147029           0.00164041902766 
          3.38543550845558           0.00142376360680 
          3.47693376544087           0.00120740010907 
          3.56843202242615           0.00123315007567 
          3.65993027941144           0.00094089675886 
          3.75142853639672           0.00082135972257 
          3.84292679338201           0.00078484009202 
          3.93442505036730           0.00078808750919 
          4.02592330735258           0.00082353740223 
          4.11742156433787           0.00057203399294 
          4.20891982132315           0.00061324280205 
          4.30041807830844           0.00045690147307 
          4.39191633529373           0.00039327401345 
          4.48341459227901           0.00040867452461 
          4.57491284926430           0.00036050703557 
          4.66641110624958           0.00036184463506 
          4.75790936323487           0.00037645792101 
          4.84940762022016           0.00037476881065 
          4.94090587720544           0.00026099678866 
          5.03240413419073           0.00024603041471 
          5.12390239117601           0.00022369703047 
          5.21540064816130           0.00020133012993 
          5.30689890514659           0.00018812082556 
          5.39839716213187           0.00017745485162 
          5.48989541911716           0.00018334141077 
          5.58139367610244           0.00017807051430 
          5.67289193308773           0.00016168395268 
          5.76439019007301           0.00014512675046 
          5.85588844705830           0.00013870519213 
          5.94738670404359           0.00012552747992 
          6.03888496102887           0.00010629138017 
          6.13038321801416           0.00010673084931 
