          0.09641223426699       49113.35674832652900 
          0.19282446853398         395.45258869782407 
          0.28923670280096         127.51353771233006 
          0.38564893706795          22.47319567806684 
          0.48206117133494           7.43914424587802 
          0.57847340560193           1.00002494709761 
          0.67488563986891           1.96736941900902 
          0.77129787413590           0.56235244418050 
          0.86771010840289           0.23033198495157 
          0.96412234266988           0.21869002488659 
          1.06053457693686           0.16901012768185 
          1.15694681120385           0.06416549896233 
          1.25335904547084           0.08346294989208 
          1.34977127973783           0.06691876133502 
          1.44618351400481           0.05450404258781 
          1.54259574827180           0.03904157670073 
          1.63900798253879           0.03312872782769 
          1.73542021680578           0.01806728599984 
          1.83183245107277           0.01360546537811 
          1.92824468533975           0.01418313327744 
          2.02465691960674           0.01486568944437 
          2.12106915387373           0.01361409029935 
          2.21748138814072           0.00798275916101 
          2.31389362240770           0.00738835293511 
          2.41030585667469           0.00847067677542 
          2.50671809094168           0.00608853768755 
          2.60313032520867           0.00517000842466 
          2.69954255947565           0.00355320795140 
          2.79595479374264           0.00374946120376 
          2.89236702800963           0.00371216597715 
          2.98877926227662           0.00309194048273 
          3.08519149654361           0.00366823352694 
          3.18160373081059           0.00255837929912 
          3.27801596507758           0.00257933950277 
          3.37442819934457           0.00207344749797 
          3.47084043361156           0.00219383890540 
          3.56725266787854           0.00196736238871 
          3.66366490214553           0.00155233985555 
          3.76007713641252           0.00131788746687 
          3.85648937067951           0.00137610350868 
          3.95290160494649           0.00108720420955 
          4.04931383921348           0.00098226691640 
          4.14572607348047           0.00089867702629 
          4.24213830774746           0.00080480804541 
          4.33855054201444           0.00073019876066 
          4.43496277628143           0.00071839383297 
          4.53137501054842           0.00077807341240 
          4.62778724481541           0.00057917602546 
          4.72419947908240           0.00047248004353 
          4.82061171334938           0.00057943510687 
          4.91702394761637           0.00040827082919 
          5.01343618188336           0.00040839051615 
          5.10984841615035           0.00047532734153 
          5.20626065041733           0.00035362418188 
          5.30267288468432           0.00040000413724 
          5.39908511895131           0.00028827807351 
          5.49549735321830           0.00030529433433 
          5.59190958748528           0.00027989895593 
          5.68832182175227           0.00027512675016 
          5.78473405601926           0.00021503625206 
          5.88114629028625           0.00022883942979 
          5.97755852455323           0.00018802820948 
          6.07397075882022           0.00020406985929 
