          0.08079189028134          49.21487669050887 
          0.16158378056267          45.26650096201298 
          0.24237567084401          10.72375004520189 
          0.32316756112535           2.87523352893011 
          0.40395945140669           2.05422597804534 
          0.48475134168802           0.61078841677899 
          0.56554323196936           0.43740805194380 
          0.64633512225070           0.22156066894834 
          0.72712701253203           0.14434709099536 
          0.80791890281337           0.09266237647042 
          0.88871079309471           0.11484066974896 
          0.96950268337605           0.06054649118289 
          1.05029457365738           0.03566523706533 
          1.13108646393872           0.03251013293991 
          1.21187835422006           0.03605097549475 
          1.29267024450139           0.02997909832276 
          1.37346213478273           0.01639513467006 
          1.45425402506407           0.01459544008618 
          1.53504591534540           0.01245043549883 
          1.61583780562674           0.00882671586871 
          1.69662969590808           0.00761216619829 
          1.77742158618942           0.01204532870217 
          1.85821347647075           0.00409437099620 
          1.93900536675209           0.00496086422567 
          2.01979725703343           0.00568328071041 
          2.10058914731477           0.00483156585350 
          2.18138103759610           0.00351524651031 
          2.26217292787744           0.00300703404031 
          2.34296481815878           0.00247387853966 
          2.42375670844011           0.00198206290054 
          2.50454859872145           0.00247912655432 
          2.58534048900279           0.00182280081876 
          2.66613237928412           0.00174784894364 
          2.74692426956546           0.00167951365390 
          2.82771615984680           0.00144993140901 
          2.90850805012814           0.00115387399947 
          2.98929994040947           0.00121555240158 
          3.07009183069081           0.00124725510193 
          3.15088372097215           0.00087552074755 
          3.23167561125348           0.00075040432430 
          3.31246750153482           0.00080524011343 
          3.39325939181616           0.00055445937012 
          3.47405128209750           0.00063046630208 
          3.55484317237883           0.00062305447747 
          3.63563506266017           0.00052377564411 
          3.71642695294151           0.00042801053910 
          3.79721884322284           0.00043394214356 
          3.87801073350418           0.00034659677156 
          3.95880262378552           0.00027826691995 
          4.03959451406686           0.00030988880060 
          4.12038640434819           0.00028185280407 
          4.20117829462953           0.00023330942152 
          4.28197018491087           0.00021722890176 
          4.36276207519220           0.00016519724721 
          4.44355396547354           0.00015750613449 
          4.52434585575488           0.00017992089922 
          4.60513774603622           0.00011937813998 
          4.68592963631755           0.00013620657770 
          4.76672152659889           0.00010533051851 
          4.84751341688023           0.00010095657471 
          4.92830530716156           0.00009692388263 
          5.00909719744290           0.00008732818321 
          5.08988908772424           0.00008881076969 
          5.17068097800557           0.00008817935721 
          5.25147286828691           0.00006993059215 
          5.33226475856825           0.00006765257884 
          5.41305664884959           0.00006127875372 
          5.49384853913092           0.00005922322570 
          5.57464042941226           0.00005374901461 
          5.65543231969360           0.00004854095434 
          5.73622420997493           0.00004956381528 
          5.81701610025627           0.00004621613698 
          5.89780799053761           0.00004299435535 
          5.97859988081895           0.00004383077486 
          6.05939177110028           0.00004222681953 
          6.14018366138162           0.00004009735756 
