          0.09438463733182       49033.76998246600100 
          0.18876927466365         147.54016763280009 
          0.28315391199547         104.96620172659672 
          0.37753854932730           7.20318545970683 
          0.47192318665912           4.40167420043511 
          0.56630782399095           1.14453888055560 
          0.66069246132277           0.43046960817838 
          0.75507709865460           0.60850555457963 
          0.84946173598642           0.30389072130975 
          0.94384637331825           0.19787602996107 
          1.03823101065007           0.15836567965095 
          1.13261564798190           0.08140004532793 
          1.22700028531372           0.05899090917769 
          1.32138492264555           0.05420311320200 
          1.41576955997737           0.04481354730746 
          1.51015419730920           0.02600509220396 
          1.60453883464102           0.02544989010504 
          1.69892347197285           0.01986121119259 
          1.79330810930467           0.01737513067181 
          1.88769274663650           0.01492675032783 
          1.98207738396832           0.01038358570802 
          2.07646202130015           0.01060306812918 
          2.17084665863197           0.00882482070820 
          2.26523129596380           0.00895458680216 
          2.35961593329562           0.00696080345237 
          2.45400057062745           0.00463703812039 
          2.54838520795927           0.00461627795267 
          2.64276984529110           0.00285480840860 
          2.73715448262292           0.00377000779307 
          2.83153911995475           0.00353447644656 
          2.92592375728657           0.00322634732560 
          3.02030839461840           0.00278420009012 
          3.11469303195022           0.00212638579268 
          3.20907766928205           0.00214322141013 
          3.30346230661387           0.00236001045685 
          3.39784694394570           0.00205278296890 
          3.49223158127752           0.00233863059923 
          3.58661621860935           0.00173015013492 
          3.68100085594117           0.00158170123265 
          3.77538549327300           0.00137586635366 
          3.86977013060482           0.00125503188819 
          3.96415476793665           0.00121653448616 
          4.05853940526847           0.00121704151836 
          4.15292404260030           0.00095669796705 
          4.24730867993212           0.00125506575013 
          4.34169331726395           0.00080887891151 
          4.43607795459577           0.00075006907252 
          4.53046259192760           0.00073320125914 
          4.62484722925942           0.00078641238382 
          4.71923186659125           0.00072082080011 
          4.81361650392307           0.00064668867399 
          4.90800114125490           0.00060946833490 
          5.00238577858672           0.00051186237012 
          5.09677041591855           0.00056365953727 
          5.19115505325037           0.00052396945613 
          5.28553969058220           0.00052107019524 
          5.37992432791402           0.00044740704029 
          5.47430896524585           0.00038912499006 
          5.56869360257767           0.00042004179319 
          5.66307823990950           0.00035338823301 
          5.75746287724132           0.00037165278025 
          5.85184751457315           0.00032181293656 
          5.94623215190497           0.00031990450386 
          6.04061678923680           0.00032244120126 
          6.13500142656862           0.00025850953224 
