          0.09538766217063       50492.24299229190400 
          0.19077532434127         210.59621143961365 
          0.28616298651190          27.76586524497907 
          0.38155064868253           9.53730219918587 
          0.47693831085316           2.95510498911151 
          0.57232597302380           1.32447961578793 
          0.66771363519443           0.79767092084365 
          0.76310129736506           0.45457451389635 
          0.85848895953570           0.30029512542377 
          0.95387662170633           0.11652453421429 
          1.04926428387696           0.18285584470955 
          1.14465194604759           0.07432251746142 
          1.24003960821823           0.04818075366496 
          1.33542727038886           0.05088340071910 
          1.43081493255949           0.04076625377488 
          1.52620259473013           0.03197253683422 
          1.62159025690076           0.02628616281726 
          1.71697791907139           0.02296959157853 
          1.81236558124202           0.01785752831112 
          1.90775324341266           0.01284221901458 
          2.00314090558329           0.01133737586003 
          2.09852856775392           0.00962872984797 
          2.19391622992456           0.00996563922078 
          2.28930389209519           0.00575752286197 
          2.38469155426582           0.00738459194833 
          2.48007921643645           0.00737129838941 
          2.57546687860709           0.00515063260311 
          2.67085454077772           0.00480520464032 
          2.76624220294835           0.00382879532768 
          2.86162986511899           0.00318234863204 
          2.95701752728962           0.00309838426720 
          3.05240518946025           0.00289967915655 
          3.14779285163088           0.00252760660890 
          3.24318051380152           0.00201745413644 
          3.33856817597215           0.00208157339980 
          3.43395583814278           0.00190312583649 
          3.52934350031342           0.00197777204409 
          3.62473116248405           0.00153753502727 
          3.72011882465468           0.00147817912721 
          3.81550648682531           0.00131706594039 
          3.91089414899595           0.00122781737455 
          4.00628181116658           0.00120750353761 
          4.10166947333721           0.00090883863766 
          4.19705713550785           0.00097314370405 
          4.29244479767848           0.00099637463775 
          4.38783245984911           0.00099035962347 
          4.48322012201975           0.00073789879475 
          4.57860778419038           0.00077117412178 
          4.67399544636101           0.00064360833014 
          4.76938310853164           0.00063426298679 
          4.86477077070228           0.00056683197473 
          4.96015843287291           0.00068045217974 
          5.05554609504354           0.00049451891857 
          5.15093375721418           0.00048525549888 
          5.24632141938481           0.00040185940312 
          5.34170908155544           0.00044319743714 
          5.43709674372607           0.00046155428621 
          5.53248440589671           0.00040144999105 
          5.62787206806734           0.00032570836828 
          5.72325973023797           0.00033787105415 
          5.81864739240861           0.00034099724156 
          5.91403505457924           0.00033375074542 
          6.00942271674987           0.00031219295495 
          6.10481037892050           0.00028052695964 
