          0.08459923666594        2161.59660470918380 
          0.16919847333189          65.55695040654562 
          0.25379770999783           7.81612944194918 
          0.33839694666377           4.51309856122424 
          0.42299618332972           1.57149938957421 
          0.50759541999566           0.66594615486998 
          0.59219465666160           0.39858877582699 
          0.67679389332754           0.20610963854849 
          0.76139312999349           0.09589066104478 
          0.84599236665943           0.13395350352617 
          0.93059160332537           0.08799664543740 
          1.01519083999132           0.04639639014028 
          1.09979007665726           0.05490173500760 
          1.18438931332320           0.02843541774798 
          1.26898854998914           0.02749212216700 
          1.35358778665509           0.01789002781430 
          1.43818702332103           0.01716415328538 
          1.52278625998697           0.01802488553785 
          1.60738549665292           0.01038737202319 
          1.69198473331886           0.00791690936197 
          1.77658396998480           0.00625236724349 
          1.86118320665075           0.00808873051840 
          1.94578244331669           0.00765678931837 
          2.03038167998263           0.00555634138451 
          2.11498091664857           0.00420355830781 
          2.19958015331452           0.00383348868314 
          2.28417938998046           0.00304943374400 
          2.36877862664640           0.00301300225134 
          2.45337786331235           0.00318166737297 
          2.53797709997829           0.00266520148476 
          2.62257633664423           0.00264994678123 
          2.70717557331018           0.00201783293057 
          2.79177480997612           0.00167552635869 
          2.87637404664206           0.00206197669595 
          2.96097328330800           0.00120192367462 
          3.04557251997395           0.00092865175625 
          3.13017175663989           0.00084414764266 
          3.21477099330583           0.00084837732895 
          3.29937022997178           0.00091542084275 
          3.38396946663772           0.00075890226178 
          3.46856870330366           0.00055403649628 
          3.55316793996961           0.00078882253276 
          3.63776717663555           0.00056657506807 
          3.72236641330149           0.00050150666772 
          3.80696564996743           0.00043371609626 
          3.89156488663338           0.00046294121588 
          3.97616412329932           0.00040842722125 
          4.06076335996526           0.00035133118237 
          4.14536259663121           0.00027304832862 
          4.22996183329715           0.00030916885261 
          4.31456106996309           0.00025934533768 
          4.39916030662904           0.00024291127686 
          4.48375954329498           0.00022756621906 
          4.56835877996092           0.00020594772123 
          4.65295801662687           0.00017444139939 
          4.73755725329281           0.00016439654088 
          4.82215648995875           0.00013629979574 
          4.90675572662469           0.00012416629374 
          4.99135496329064           0.00011960593090 
          5.07595419995658           0.00012180928001 
          5.16055343662252           0.00009555938849 
          5.24515267328847           0.00009276732010 
          5.32975190995441           0.00008954813252 
          5.41435114662035           0.00009996012329 
          5.49895038328629           0.00007808415018 
          5.58354961995224           0.00007252698452 
          5.66814885661818           0.00007576570868 
          5.75274809328412           0.00005653219682 
          5.83734732995007           0.00005176141145 
          5.92194656661601           0.00005786225270 
          6.00654580328195           0.00005162293295 
          6.09114503994790           0.00005163031065 
