          0.09538766217063       15946.98093473432700 
          0.19077532434127         114.29094544710901 
          0.28616298651190          13.58325739197739 
          0.38155064868253           1.81071156995878 
          0.47693831085316           1.70149361567501 
          0.57232597302380           0.56531052611487 
          0.66771363519443           0.41570149112368 
          0.76310129736506           0.07999529869968 
          0.85848895953570           0.06541003624834 
          0.95387662170633           0.11465226972356 
          1.04926428387696           0.05278179195491 
          1.14465194604759           0.03630659521235 
          1.24003960821823           0.02774134087800 
          1.33542727038886           0.02459161316719 
          1.43081493255949           0.01815341427450 
          1.52620259473013           0.01440159300815 
          1.62159025690076           0.00698975676532 
          1.71697791907139           0.01039510691386 
          1.81236558124202           0.00831680495220 
          1.90775324341266           0.00565827774995 
          2.00314090558329           0.00594515227024 
          2.09852856775392           0.00496326141417 
          2.19391622992456           0.00452649227451 
          2.28930389209519           0.00401742022704 
          2.38469155426582           0.00307209557219 
          2.48007921643645           0.00269905596660 
          2.57546687860709           0.00268083120864 
          2.67085454077772           0.00238320590776 
          2.76624220294835           0.00181732514238 
          2.86162986511899           0.00214537913008 
          2.95701752728962           0.00200648987711 
          3.05240518946025           0.00179847133260 
          3.14779285163088           0.00159135291755 
          3.24318051380152           0.00144329976359 
          3.33856817597215           0.00123754777115 
          3.43395583814278           0.00130288458348 
          3.52934350031342           0.00106134129746 
          3.62473116248405           0.00091153739837 
          3.72011882465468           0.00071453957245 
          3.81550648682531           0.00084218118641 
          3.91089414899595           0.00075828569061 
          4.00628181116658           0.00075470506612 
          4.10166947333721           0.00054084048078 
          4.19705713550785           0.00050347655542 
          4.29244479767848           0.00044678910291 
          4.38783245984911           0.00035928548260 
          4.48322012201975           0.00044209502387 
          4.57860778419038           0.00032839367409 
          4.67399544636101           0.00030969081188 
          4.76938310853164           0.00031694856320 
          4.86477077070228           0.00023354933719 
          4.96015843287291           0.00024951705678 
          5.05554609504354           0.00024146422062 
          5.15093375721418           0.00020543239228 
          5.24632141938481           0.00019057152499 
          5.34170908155544           0.00019780271764 
          5.43709674372607           0.00017079091607 
          5.53248440589671           0.00014723742333 
          5.62787206806734           0.00013101599384 
          5.72325973023797           0.00011060573190 
          5.81864739240861           0.00011920149472 
          5.91403505457924           0.00009881627156 
          6.00942271674987           0.00008458595551 
          6.10481037892050           0.00009604034374 
