          0.09438463733182       13234.85088972997400 
          0.18876927466365          58.04965808423432 
          0.28315391199547          10.66079173870897 
          0.37753854932730           3.74012605571376 
          0.47192318665912           0.79742726278206 
          0.56630782399095           0.39111001285932 
          0.66069246132277           0.30512765695705 
          0.75507709865460           0.20824496874879 
          0.84946173598642           0.11431649911030 
          0.94384637331825           0.07030022300508 
          1.03823101065007           0.06862186034642 
          1.13261564798190           0.04020124292033 
          1.22700028531372           0.02817330673235 
          1.32138492264555           0.01871122065545 
          1.41576955997737           0.01303656180553 
          1.51015419730920           0.01261888711558 
          1.60453883464102           0.01355692339704 
          1.69892347197285           0.00948506273305 
          1.79330810930467           0.00600630346416 
          1.88769274663650           0.00471660990149 
          1.98207738396832           0.00467536557590 
          2.07646202130015           0.00522047633268 
          2.17084665863197           0.00321141878189 
          2.26523129596380           0.00340917021004 
          2.35961593329562           0.00432166711797 
          2.45400057062745           0.00256883214289 
          2.54838520795927           0.00202815405954 
          2.64276984529110           0.00278783606186 
          2.73715448262292           0.00180648407610 
          2.83153911995475           0.00204484454078 
          2.92592375728657           0.00211050476556 
          3.02030839461840           0.00196489429090 
          3.11469303195022           0.00160103745056 
          3.20907766928205           0.00129620599271 
          3.30346230661387           0.00107899734535 
          3.39784694394570           0.00134870140584 
          3.49223158127752           0.00091148009592 
          3.58661621860935           0.00079398986879 
          3.68100085594117           0.00112323479093 
          3.77538549327300           0.00081414595292 
          3.86977013060482           0.00071437188654 
          3.96415476793665           0.00067859355362 
          4.05853940526847           0.00063658513460 
          4.15292404260030           0.00063774296513 
          4.24730867993212           0.00040427857647 
          4.34169331726395           0.00043202900259 
          4.43607795459577           0.00044449841658 
          4.53046259192760           0.00042844467130 
          4.62484722925942           0.00044050899158 
          4.71923186659125           0.00029155782573 
          4.81361650392307           0.00035588085912 
          4.90800114125490           0.00030649141995 
          5.00238577858672           0.00020215482950 
          5.09677041591855           0.00020220974216 
          5.19115505325037           0.00020628274739 
          5.28553969058220           0.00016811460222 
          5.37992432791402           0.00016421854367 
          5.47430896524585           0.00015201691499 
          5.56869360257767           0.00010782109910 
          5.66307823990950           0.00010708418053 
          5.75746287724132           0.00010746696568 
          5.85184751457315           0.00011056201191 
          5.94623215190497           0.00009284929127 
          6.04061678923680           0.00008404209145 
          6.13500142656862           0.00009595059858 
