          0.09057496478564       12535.34592992742000 
          0.18114992957127          49.26999645874946 
          0.27172489435691           8.08990894415596 
          0.36229985914254           4.05087194318891 
          0.45287482392818           1.39711550501211 
          0.54344978871382           0.49704844890167 
          0.63402475349945           0.37009210925949 
          0.72459971828509           0.31073571070541 
          0.81517468307073           0.12572963675022 
          0.90574964785636           0.07342158320418 
          0.99632461264200           0.06880588622580 
          1.08689957742763           0.04657925433394 
          1.17747454221327           0.03244829721904 
          1.26804950699891           0.03627111002703 
          1.35862447178454           0.02735481112400 
          1.44919943657018           0.01803018453168 
          1.53977440135582           0.01896918577280 
          1.63034936614145           0.00926488820407 
          1.72092433092709           0.01037976513620 
          1.81149929571272           0.00822275406793 
          1.90207426049836           0.00871231233943 
          1.99264922528400           0.00999941997279 
          2.08322419006963           0.00715501517005 
          2.17379915485527           0.00660714945974 
          2.26437411964091           0.00567612768659 
          2.35494908442654           0.00571706671460 
          2.44552404921218           0.00474425441981 
          2.53609901399781           0.00526685787175 
          2.62667397878345           0.00378111336979 
          2.71724894356909           0.00330283104661 
          2.80782390835472           0.00306296394034 
          2.89839887314036           0.00398660725617 
          2.98897383792600           0.00365109150040 
          3.07954880271163           0.00323585562653 
          3.17012376749727           0.00322642342034 
          3.26069873228290           0.00280201638599 
          3.35127369706854           0.00287416930117 
          3.44184866185418           0.00261151692981 
          3.53242362663981           0.00297627822435 
          3.62299859142545           0.00220327577865 
          3.71357355621109           0.00216826516316 
          3.80414852099672           0.00227036190289 
          3.89472348578236           0.00208377410076 
          3.98529845056799           0.00197064616950 
          4.07587341535363           0.00221021661858 
          4.16644838013927           0.00199740128833 
          4.25702334492490           0.00206472690715 
          4.34759830971054           0.00188841422137 
          4.43817327449618           0.00177623887087 
          4.52874823928181           0.00164563000509 
          4.61932320406745           0.00159525188337 
          4.70989816885309           0.00168141395883 
          4.80047313363872           0.00155675537434 
          4.89104809842436           0.00163497593519 
          4.98162306320999           0.00135926734348 
          5.07219802799563           0.00149256470498 
          5.16277299278127           0.00138291430245 
          5.25334795756690           0.00131651818219 
          5.34392292235254           0.00130668089144 
          5.43449788713817           0.00129871104436 
          5.52507285192381           0.00136000157557 
          5.61564781670945           0.00135372598488 
          5.70622278149508           0.00124480675802 
          5.79679774628072           0.00120389637265 
          5.88737271106636           0.00114307872840 
          5.97794767585199           0.00122374515477 
          6.06852264063763           0.00115590594374 
