      -1.0710519   2.1613626e+000 
      -0.7700219   1.9059548e+000 
      -0.5939306   9.3472460e-001 
      -0.4689919   5.8144004e-001 
      -0.3720818   1.3433939e-002 
      -0.2929006  -6.1497593e-001 
      -0.2259538  -3.6400034e-001 
      -0.1679619  -5.2667313e-001 
      -0.1168093  -7.6497829e-001 
      -0.0710519  -8.1070490e-001 
      -0.0296592  -1.0722048e+000 
       0.0081294  -1.1858785e+000 
       0.0428915  -1.3487500e+000 
       0.0750762  -1.5385459e+000 
       0.1050394  -1.5413583e+000 
       0.1330681  -1.7159101e+000 
       0.1593971  -1.7961556e+000 
       0.1842207  -1.9018816e+000 
       0.2077017  -1.8740882e+000 
       0.2299781  -2.1199251e+000 
       0.2511674  -2.0254538e+000 
       0.2713708  -2.0055128e+000 
       0.2906760  -2.0589632e+000 
       0.3091594  -2.0407022e+000 
       0.3268882  -2.3033244e+000 
       0.3439215  -2.3398779e+000 
       0.3603119  -2.2374116e+000 
       0.3761062  -2.2023515e+000 
       0.3913461  -2.4071325e+000 
       0.4060694  -2.4984050e+000 
       0.4203098  -2.4326046e+000 
       0.4340981  -2.3921464e+000 
       0.4474621  -2.5503915e+000 
       0.4604271  -2.5795767e+000 
       0.4730162  -2.5958414e+000 
       0.4852506  -2.5909925e+000 
