          0.08490790955648         144.99818740525754 
          0.16981581911296          80.52947079450986 
          0.25472372866944           8.60447939613252 
          0.33963163822592           3.81452124384561 
          0.42453954778240           1.03141617754068 
          0.50944745733889           0.24267446028094 
          0.59435536689537           0.43251349288676 
          0.67926327645185           0.29739034790884 
          0.76417118600833           0.17179942466393 
          0.84907909556481           0.15463047954972 
          0.93398700512129           0.08468279872975 
          1.01889491467777           0.06518107455147 
          1.10380282423425           0.04479711061553 
          1.18871073379073           0.02893703844354 
          1.27361864334721           0.02875025224616 
          1.35852655290369           0.01923489806586 
          1.44343446246018           0.01598984909458 
          1.52834237201666           0.01253482892436 
          1.61325028157314           0.01336324009593 
          1.69815819112962           0.00758708334378 
          1.78306610068610           0.00943074988626 
          1.86797401024258           0.00987386631277 
          1.95288191979906           0.00873045382193 
          2.03778982935554           0.00910537403279 
          2.12269773891202           0.00497365487700 
          2.20760564846850           0.00457216714331 
          2.29251355802498           0.00578879849787 
          2.37742146758147           0.00627550218085 
          2.46232937713795           0.00391622388054 
          2.54723728669443           0.00317391252955 
          2.63214519625091           0.00369313700252 
          2.71705310580739           0.00405371891586 
          2.80196101536387           0.00281584314923 
          2.88686892492035           0.00263283317143 
          2.97177683447683           0.00253605466642 
          3.05668474403331           0.00256452804198 
