          0.08706090213634         110.85199859567643 
          0.17412180427268          14.70851124274792 
          0.26118270640902           2.85347963076019 
          0.34824360854536           1.08145803130805 
          0.43530451068170           0.90553388459831 
          0.52236541281803           0.45241278200155 
          0.60942631495437           0.30094961465575 
          0.69648721709071           0.15986540428778 
          0.78354811922705           0.12871197080975 
          0.87060902136339           0.07287807592149 
          0.95766992349973           0.04334263112320 
          1.04473082563607           0.04441788515504 
          1.13179172777241           0.03368276814348 
          1.21885262990875           0.02413626073860 
          1.30591353204509           0.01555615050070 
          1.39297443418142           0.01496767260611 
          1.48003533631776           0.01107552648632 
          1.56709623845410           0.00644599409227 
          1.65415714059044           0.00883443294399 
          1.74121804272678           0.00880272232355 
          1.82827894486312           0.00510470863944 
          1.91533984699946           0.00509201976948 
          2.00240074913580           0.00420230963153 
          2.08946165127214           0.00534797123617 
          2.17652255340848           0.00344348015481 
          2.26358345554481           0.00218705788488 
          2.35064435768115           0.00227406669085 
          2.43770525981749           0.00281159125096 
          2.52476616195383           0.00254105264393 
          2.61182706409017           0.00193533308369 
          2.69888796622651           0.00172944809526 
          2.78594886836285           0.00158929713449 
          2.87300977049919           0.00151070598544 
          2.96007067263553           0.00124570342176 
          3.04713157477187           0.00100522695504 
          3.13419247690821           0.00095256611337 
          3.22125337904454           0.00083888039495 
          3.30831428118088           0.00072102125019 
          3.39537518331722           0.00086816282376 
          3.48243608545356           0.00074284783995 
          3.56949698758990           0.00072286146591 
          3.65655788972624           0.00049166946171 
          3.74361879186258           0.00051528489091 
          3.83067969399892           0.00046041822907 
          3.91774059613526           0.00035304566936 
          4.00480149827160           0.00033375698620 
          4.09186240040793           0.00026250204940 
          4.17892330254427           0.00034551916358 
          4.26598420468061           0.00023506070603 
          4.35304510681695           0.00020788951251 
          4.44010600895329           0.00024639276215 
          4.52716691108963           0.00017386533260 
          4.61422781322597           0.00018513726608 
          4.70128871536231           0.00018508860027 
          4.78834961749865           0.00014829123195 
          4.87541051963499           0.00010328911229 
          4.96247142177132           0.00012246746606 
          5.04953232390766           0.00010191091647 
          5.13659322604400           0.00009394614492 
          5.22365412818034           0.00009227677099 
          5.31071503031668           0.00006807405559 
          5.39777593245302           0.00006846326515 
          5.48483683458936           0.00006323456660 
          5.57189773672570           0.00005895789789 
          5.65895863886204           0.00005704775730 
          5.74601954099838           0.00004779470634 
          5.83308044313471           0.00004293105265 
          5.92014134527105           0.00004691685312 
          6.00720224740739           0.00004843710544 
          6.09426314954373           0.00003919416905 
