          0.08878317517563          31.94559907771793 
          0.17756635035127          17.77111483561661 
          0.26634952552690           1.97555902718075 
          0.35513270070253           4.38069443579830 
          0.44391587587817           0.87098305071536 
          0.53269905105380           0.33062242654166 
          0.62148222622943           0.18033607785458 
          0.71026540140507           0.20251066016331 
          0.79904857658070           0.07730653171310 
          0.88783175175634           0.06650280519535 
          0.97661492693197           0.04949930264957 
          1.06539810210760           0.04161174593258 
          1.15418127728324           0.03363272813453 
          1.24296445245887           0.02169400575759 
          1.33174762763450           0.01595637576781 
          1.42053080281014           0.01573742759451 
          1.50931397798577           0.01033352791228 
          1.59809715316140           0.00820769643713 
          1.68688032833704           0.00806450557128 
          1.77566350351267           0.00908241337510 
          1.86444667868830           0.00680686060740 
          1.95322985386394           0.00413950252260 
          2.04201302903957           0.00450917776062 
          2.13079620421521           0.00314597254900 
          2.21957937939084           0.00442677588511 
          2.30836255456647           0.00283728291262 
          2.39714572974211           0.00254494173827 
          2.48592890491774           0.00216639777868 
          2.57471208009337           0.00189159865720 
          2.66349525526901           0.00165937453724 
          2.75227843044464           0.00161849809580 
          2.84106160562027           0.00129958171427 
          2.92984478079591           0.00116693032917 
          3.01862795597154           0.00123374401395 
          3.10741113114717           0.00122025083971 
          3.19619430632281           0.00099767624921 
          3.28497748149844           0.00066251967731 
          3.37376065667408           0.00089798295292 
          3.46254383184971           0.00062849221858 
          3.55132700702534           0.00066912804721 
          3.64011018220098           0.00049980873868 
          3.72889335737661           0.00053452534863 
          3.81767653255224           0.00046627729635 
          3.90645970772788           0.00039452213191 
          3.99524288290351           0.00040611716011 
          4.08402605807914           0.00033298633036 
          4.17280923325478           0.00028919117704 
          4.26159240843041           0.00022866420271 
          4.35037558360604           0.00021422946378 
          4.43915875878168           0.00023203502145 
          4.52794193395731           0.00020466064094 
          4.61672510913295           0.00015947216704 
          4.70550828430858           0.00014055392614 
          4.79429145948421           0.00011152699075 
          4.88307463465985           0.00012099546660 
          4.97185780983548           0.00011132614448 
          5.06064098501111           0.00009492236136 
          5.14942416018675           0.00007695284034 
          5.23820733536238           0.00007975778070 
          5.32699051053801           0.00005543461368 
          5.41577368571365           0.00005847454745 
          5.50455686088928           0.00005630418861 
          5.59334003606491           0.00005478982198 
          5.68212321124055           0.00004643263944 
          5.77090638641618           0.00003627188232 
          5.85968956159181           0.00003545363682 
          5.94847273676745           0.00003404626511 
          6.03725591194308           0.00003594967881 
          6.12603908711872           0.00002721560850 
