          0.09149825698529        1757.07876844140310 
          0.18299651397057          46.48005173928157 
          0.27449477095586           8.73778331064556 
          0.36599302794114           4.88718363716377 
          0.45749128492643           0.66702733724653 
          0.54898954191172           0.55573846998937 
          0.64048779889700           0.30796497009158 
          0.73198605588229           0.15521676972292 
          0.82348431286757           0.11234620779607 
          0.91498256985286           0.05799796125602 
          1.00648082683815           0.04434847478270 
          1.09797908382343           0.03306457320893 
          1.18947734080872           0.01839017392963 
          1.28097559779400           0.03025250080313 
          1.37247385477929           0.01842707862443 
          1.46397211176458           0.01862772646516 
          1.55547036874986           0.01170227827995 
          1.64696862573515           0.00835578054857 
          1.73846688272043           0.00876878556352 
          1.82996513970572           0.00590499624239 
          1.92146339669101           0.00494673948928 
          2.01296165367629           0.00608219538935 
          2.10445991066158           0.00387345893071 
          2.19595816764686           0.00336488262492 
          2.28745642463215           0.00293908750178 
          2.37895468161743           0.00271945353405 
          2.47045293860272           0.00244877522182 
          2.56195119558801           0.00244463494758 
          2.65344945257329           0.00178764812782 
          2.74494770955858           0.00210282114911 
          2.83644596654386           0.00127292308501 
          2.92794422352915           0.00163819171312 
          3.01944248051444           0.00161439071211 
          3.11094073749972           0.00108550528956 
          3.20243899448501           0.00103449354563 
          3.29393725147029           0.00089840964729 
          3.38543550845558           0.00108261839413 
          3.47693376544087           0.00072624589863 
          3.56843202242615           0.00072745513092 
          3.65993027941144           0.00064240358819 
          3.75142853639672           0.00052815273424 
          3.84292679338201           0.00066530702593 
          3.93442505036730           0.00046026047333 
          4.02592330735258           0.00044936628690 
          4.11742156433787           0.00051364017432 
          4.20891982132315           0.00038088776974 
          4.30041807830844           0.00034351061667 
          4.39191633529373           0.00025428662116 
          4.48341459227901           0.00024661603550 
          4.57491284926430           0.00025440503034 
          4.66641110624958           0.00019151834741 
          4.75790936323487           0.00015647437485 
          4.84940762022016           0.00013768348079 
          4.94090587720544           0.00014162010676 
          5.03240413419073           0.00014811499754 
          5.12390239117601           0.00010544685755 
          5.21540064816130           0.00008605593986 
          5.30689890514659           0.00010090846140 
          5.39839716213187           0.00007544078114 
          5.48989541911716           0.00007667325984 
          5.58139367610244           0.00006597885564 
          5.67289193308773           0.00005114106093 
          5.76439019007301           0.00005466688152 
          5.85588844705830           0.00004825337801 
          5.94738670404359           0.00004350415966 
          6.03888496102887           0.00004841935454 
          6.13038321801416           0.00003651807526 
