          0.08079189028134          38.25636698048530 
          0.16158378056267           7.55310042789011 
          0.24237567084401           2.33282779427963 
          0.32316756112535           1.71150760456698 
          0.40395945140669           1.02018943727830 
          0.48475134168802           0.35247253022667 
          0.56554323196936           0.32585712656260 
          0.64633512225070           0.19209679083687 
          0.72712701253203           0.15161418932190 
          0.80791890281337           0.10166127920139 
          0.88871079309471           0.06990898198872 
          0.96950268337605           0.07329032682572 
          1.05029457365738           0.04747272912599 
          1.13108646393872           0.03010401611335 
          1.21187835422006           0.02649408764736 
          1.29267024450139           0.01913001364730 
          1.37346213478273           0.01969811158675 
          1.45425402506407           0.01270148667375 
          1.53504591534540           0.00991409190574 
          1.61583780562674           0.01029013908503 
          1.69662969590808           0.01084302527065 
          1.77742158618942           0.00701993821175 
          1.85821347647075           0.00753073529302 
          1.93900536675209           0.00462125903447 
          2.01979725703343           0.00549009667333 
          2.10058914731477           0.00339167113869 
          2.18138103759610           0.00396162174060 
          2.26217292787744           0.00256811065327 
          2.34296481815878           0.00256883771224 
          2.42375670844011           0.00269677915043 
          2.50454859872145           0.00190817637555 
          2.58534048900279           0.00164879008836 
          2.66613237928412           0.00134822565179 
          2.74692426956546           0.00159786852360 
          2.82771615984680           0.00124179866817 
          2.90850805012814           0.00131293091149 
          2.98929994040947           0.00089917543132 
          3.07009183069081           0.00102164628079 
          3.15088372097215           0.00088582710325 
          3.23167561125348           0.00091033013745 
          3.31246750153482           0.00074154094543 
          3.39325939181616           0.00059069526130 
          3.47405128209750           0.00051681180085 
          3.55484317237883           0.00045765217122 
          3.63563506266017           0.00046305602762 
          3.71642695294151           0.00047812871612 
          3.79721884322284           0.00037225350253 
          3.87801073350418           0.00033965696638 
          3.95880262378552           0.00035474906840 
          4.03959451406686           0.00031424762901 
          4.12038640434819           0.00023240495633 
          4.20117829462953           0.00024142946025 
          4.28197018491087           0.00017770256966 
          4.36276207519220           0.00021975544509 
          4.44355396547354           0.00016999188387 
          4.52434585575488           0.00016158195643 
          4.60513774603622           0.00015334292951 
          4.68592963631755           0.00014100172021 
          4.76672152659889           0.00011776973835 
          4.84751341688023           0.00013249248735 
          4.92830530716156           0.00009345150155 
          5.00909719744290           0.00010013829021 
          5.08988908772424           0.00009205356471 
          5.17068097800557           0.00008685683729 
          5.25147286828691           0.00007796624066 
          5.33226475856825           0.00006784981286 
          5.41305664884959           0.00006692624349 
          5.49384853913092           0.00005893891635 
          5.57464042941226           0.00005167610787 
          5.65543231969360           0.00005235652284 
          5.73622420997493           0.00005958661671 
          5.81701610025627           0.00005142507562 
          5.89780799053761           0.00004915937550 
          5.97859988081895           0.00005228545407 
          6.05939177110028           0.00004684245914 
          6.14018366138162           0.00004968398396 
