          0.08152569491604          15.04006588330841 
          0.16305138983209           9.31482738816740 
          0.24457708474813           3.75462156033284 
          0.32610277966418           2.22927177259314 
          0.40762847458022           0.86303046239164 
          0.48915416949627           0.52444846856374 
          0.57067986441231           0.22840154443040 
          0.65220555932836           0.11814789065781 
          0.73373125424440           0.20326839548922 
          0.81525694916045           0.11129509427498 
          0.89678264407649           0.08802413199950 
          0.97830833899254           0.04218622586619 
          1.05983403390858           0.04057790043453 
          1.14135972882463           0.03995331565873 
          1.22288542374067           0.02998819223947 
          1.30441111865672           0.03488645859534 
          1.38593681357276           0.01433301034135 
          1.46746250848881           0.01475103960538 
          1.54898820340485           0.01039699966405 
          1.63051389832090           0.00941481267185 
          1.71203959323694           0.00897246105776 
          1.79356528815299           0.00679686797767 
          1.87509098306903           0.00672282493725 
          1.95661667798508           0.00502659327549 
          2.03814237290112           0.00455406931125 
          2.11966806781717           0.00306576587420 
          2.20119376273321           0.00300374107486 
          2.28271945764926           0.00281344639061 
          2.36424515256530           0.00241087788992 
          2.44577084748135           0.00239945411507 
          2.52729654239739           0.00231375531573 
          2.60882223731344           0.00189236290442 
          2.69034793222948           0.00162378373957 
          2.77187362714553           0.00152832383740 
          2.85339932206157           0.00120905925393 
          2.93492501697762           0.00098709542261 
          3.01645071189366           0.00113629180572 
          3.09797640680971           0.00086746005595 
          3.17950210172575           0.00093521078573 
          3.26102779664180           0.00074109941268 
          3.34255349155784           0.00063780688689 
          3.42407918647389           0.00058302323853 
          3.50560488138993           0.00046313525411 
          3.58713057630598           0.00047875762705 
          3.66865627122202           0.00047218718669 
          3.75018196613807           0.00031440209292 
          3.83170766105411           0.00034825820945 
          3.91323335597016           0.00031411403356 
          3.99475905088620           0.00028360502501 
          4.07628474580225           0.00024507227295 
          4.15781044071829           0.00022828686754 
          4.23933613563434           0.00020239998498 
          4.32086183055038           0.00015697053735 
          4.40238752546643           0.00016030820939 
          4.48391322038247           0.00014491110180 
          4.56543891529852           0.00014059229612 
          4.64696461021456           0.00011793627278 
          4.72849030513061           0.00010447132952 
          4.81001600004665           0.00011191874917 
          4.89154169496270           0.00009511397049 
          4.97306738987874           0.00008151515085 
          5.05459308479479           0.00007179568795 
          5.13611877971083           0.00005669125728 
          5.21764447462688           0.00007156544797 
          5.29917016954292           0.00006634515608 
          5.38069586445897           0.00004739568236 
          5.46222155937501           0.00004403772389 
          5.54374725429106           0.00004839037767 
          5.62527294920710           0.00004961477438 
          5.70679864412315           0.00004401306296 
          5.78832433903919           0.00004300099127 
          5.86985003395524           0.00004108827662 
          5.95137572887128           0.00003953774875 
          6.03290142378733           0.00003372423465 
          6.11442711870337           0.00003374342064 
