          0.08152569491604         109.85770045303876 
          0.16305138983209          44.26960339941120 
          0.24457708474813          17.90550198457270 
          0.32610277966418           5.04827351316114 
          0.40762847458022           2.26684103576344 
          0.48915416949627           0.66673314891219 
          0.57067986441231           0.51034800590927 
          0.65220555932836           0.23126835937590 
          0.73373125424440           0.24606810784920 
          0.81525694916045           0.18703722571153 
          0.89678264407649           0.18016574343302 
          0.97830833899254           0.14320246259867 
          1.05983403390858           0.12316170684824 
          1.14135972882463           0.12630175376928 
          1.22288542374067           0.09811776813397 
          1.30441111865672           0.12308742439183 
          1.38593681357276           0.10509453418748 
          1.46746250848881           0.10311572432806 
          1.54898820340485           0.09571456014362 
          1.63051389832090           0.10599487905193 
          1.71203959323694           0.09155186810934 
          1.79356528815299           0.09288280890424 
          1.87509098306903           0.09187526865893 
          1.95661667798508           0.08871906484070 
          2.03814237290112           0.07410295847234 
          2.11966806781717           0.07679090296129 
          2.20119376273321           0.07922643220945 
          2.28271945764926           0.07794739790446 
          2.36424515256530           0.07291689736628 
          2.44577084748135           0.06882241149075 
          2.52729654239739           0.06643989340698 
          2.60882223731344           0.06244572318908 
          2.69034793222948           0.06053800333300 
          2.77187362714553           0.05418750563892 
          2.85339932206157           0.05480821047871 
          2.93492501697762           0.05136442234518 
          3.01645071189366           0.04872398734346 
          3.09797640680971           0.04622208726900 
          3.17950210172575           0.04431706336184 
          3.26102779664180           0.03934529556215 
          3.34255349155784           0.03841747773570 
          3.42407918647389           0.03450030067996 
          3.50560488138993           0.03262999257005 
          3.58713057630598           0.03118115616347 
          3.66865627122202           0.03067474496298 
          3.75018196613807           0.02700120924576 
          3.83170766105411           0.02510300230148 
          3.91323335597016           0.02452519282727 
          3.99475905088620           0.02215678291475 
          4.07628474580225           0.02060578568333 
          4.15781044071829           0.01924119511132 
          4.23933613563434           0.01725306888690 
          4.32086183055038           0.01564808300562 
          4.40238752546643           0.01468926281224 
          4.48391322038247           0.01316586087015 
          4.56543891529852           0.01158958513679 
          4.64696461021456           0.01119514729657 
          4.72849030513061           0.01017620625727 
          4.81001600004665           0.00876562268442 
          4.89154169496270           0.00821892300542 
          4.97306738987874           0.00714533615616 
          5.05459308479479           0.00637265335435 
          5.13611877971083           0.00589806273811 
          5.21764447462688           0.00489733389281 
          5.29917016954292           0.00449181586470 
          5.38069586445897           0.00399867504436 
          5.46222155937501           0.00342181064615 
          5.54374725429106           0.00295568444906 
          5.62527294920710           0.00267072529396 
          5.70679864412315           0.00233605435286 
          5.78832433903919           0.00188691695435 
          5.86985003395524           0.00173837742750 
          5.95137572887128           0.00147256727521 
          6.03290142378733           0.00121540834386 
          6.11442711870337           0.00115943746341 
