          0.09149825698529          80.98251310849102 
          0.18299651397057           3.47607952324647 
          0.27449477095586           3.71760534292931 
          0.36599302794114           1.42480784291879 
          0.45749128492643           0.71074952796792 
          0.54898954191172           0.25638169267155 
          0.64048779889700           0.28047964304751 
          0.73198605588229           0.16424551551619 
          0.82348431286757           0.10739764020749 
          0.91498256985286           0.04673209229856 
          1.00648082683815           0.04045150643485 
          1.09797908382343           0.03908221166897 
          1.18947734080872           0.02098939533053 
          1.28097559779400           0.01418586842862 
          1.37247385477929           0.02041688025095 
          1.46397211176458           0.01241560106965 
          1.55547036874986           0.01126645084730 
          1.64696862573515           0.00823551062878 
          1.73846688272043           0.00673362155355 
          1.82996513970572           0.00684767129987 
          1.92146339669101           0.00518456230633 
          2.01296165367629           0.00534866768256 
          2.10445991066158           0.00366664056268 
          2.19595816764686           0.00300029972144 
          2.28745642463215           0.00273526302907 
          2.37895468161743           0.00252820274962 
          2.47045293860272           0.00221148232733 
          2.56195119558801           0.00231219980122 
          2.65344945257329           0.00195326297410 
          2.74494770955858           0.00129532819390 
          2.83644596654386           0.00136455250233 
          2.92794422352915           0.00146423104838 
          3.01944248051444           0.00128424301938 
          3.11094073749972           0.00115773348872 
          3.20243899448501           0.00079595538888 
          3.29393725147029           0.00120745518762 
          3.38543550845558           0.00090029232600 
          3.47693376544087           0.00084896728417 
          3.56843202242615           0.00077031449041 
          3.65993027941144           0.00072080687105 
          3.75142853639672           0.00055435797067 
          3.84292679338201           0.00060939165075 
          3.93442505036730           0.00062679337884 
          4.02592330735258           0.00041357257441 
          4.11742156433787           0.00039847082815 
          4.20891982132315           0.00033845101578 
          4.30041807830844           0.00030249583503 
          4.39191633529373           0.00027070381288 
          4.48341459227901           0.00022553951360 
          4.57491284926430           0.00018231432556 
          4.66641110624958           0.00021026722753 
          4.75790936323487           0.00019036029361 
          4.84940762022016           0.00014747261232 
          4.94090587720544           0.00015360226067 
          5.03240413419073           0.00011402524398 
          5.12390239117601           0.00009339721918 
          5.21540064816130           0.00007801089400 
          5.30689890514659           0.00009678343549 
          5.39839716213187           0.00008271044056 
          5.48989541911716           0.00006417642568 
          5.58139367610244           0.00006943630689 
          5.67289193308773           0.00005312163990 
          5.76439019007301           0.00005088147267 
          5.85588844705830           0.00003839569409 
          5.94738670404359           0.00004263340811 
          6.03888496102887           0.00003178960285 
          6.13038321801416           0.00003880263983 
