          0.08878317517563         286.87092533384680 
          0.17756635035127          11.78512407671945 
          0.26634952552690           7.67720394616820 
          0.35513270070253           1.37568216285518 
          0.44391587587817           0.52783608661858 
          0.53269905105380           0.31389527889989 
          0.62148222622943           0.11970211356568 
          0.71026540140507           0.11785072614577 
          0.79904857658070           0.04954150769702 
          0.88783175175634           0.06473354325745 
          0.97661492693197           0.04617237946546 
          1.06539810210760           0.02389615012187 
          1.15418127728324           0.02094127605752 
          1.24296445245887           0.02638839328366 
          1.33174762763450           0.01102898233072 
          1.42053080281014           0.01201800844611 
          1.50931397798577           0.00866596407228 
          1.59809715316140           0.00765793126210 
          1.68688032833704           0.00766377390962 
          1.77566350351267           0.00623501012763 
          1.86444667868830           0.00490384672046 
          1.95322985386394           0.00503215495144 
          2.04201302903957           0.00403671021809 
          2.13079620421521           0.00338612025739 
          2.21957937939084           0.00353975353824 
          2.30836255456647           0.00247743609964 
          2.39714572974211           0.00257496368044 
          2.48592890491774           0.00301847606308 
          2.57471208009337           0.00160074038782 
          2.66349525526901           0.00166627585508 
          2.75227843044464           0.00134521961950 
          2.84106160562027           0.00164457552018 
          2.92984478079591           0.00152671361130 
          3.01862795597154           0.00091371133146 
          3.10741113114717           0.00085274238890 
          3.19619430632281           0.00101674207975 
          3.28497748149844           0.00080247417608 
          3.37376065667408           0.00066380297199 
          3.46254383184971           0.00061962974476 
          3.55132700702534           0.00057026211841 
          3.64011018220098           0.00058296443305 
          3.72889335737661           0.00073028918467 
          3.81767653255224           0.00051940319667 
          3.90645970772788           0.00037021648776 
          3.99524288290351           0.00046023008470 
          4.08402605807914           0.00039906495255 
          4.17280923325478           0.00032316899114 
          4.26159240843041           0.00027160126354 
          4.35037558360604           0.00026507736726 
          4.43915875878168           0.00023584867402 
          4.52794193395731           0.00018832930912 
          4.61672510913295           0.00020011511470 
          4.70550828430858           0.00013360452242 
          4.79429145948421           0.00013483452691 
          4.88307463465985           0.00012448886992 
          4.97185780983548           0.00008947254266 
          5.06064098501111           0.00011165535955 
          5.14942416018675           0.00009302513576 
          5.23820733536238           0.00005839901029 
          5.32699051053801           0.00007050600677 
          5.41577368571365           0.00006058322462 
          5.50455686088928           0.00006054170282 
          5.59334003606491           0.00004836432418 
          5.68212321124055           0.00004270298683 
          5.77090638641618           0.00003553836766 
          5.85968956159181           0.00003482913614 
          5.94847273676745           0.00002867829592 
          6.03725591194308           0.00003048665082 
          6.12603908711872           0.00002935635137 
