          0.08706090213634       10056.19873924038800 
          0.17412180427268          24.12243142025173 
          0.26118270640902          16.67850243596399 
          0.34824360854536           4.81958902047170 
          0.43530451068170           1.17173803471539 
          0.52236541281803           0.57083285409223 
          0.60942631495437           0.32503643242458 
          0.69648721709071           0.35503458117444 
          0.78354811922705           0.16440572645370 
          0.87060902136339           0.11448321736845 
          0.95766992349973           0.10080635951631 
          1.04473082563607           0.05996548615334 
          1.13179172777241           0.05286145836496 
          1.21885262990875           0.02650266417054 
          1.30591353204509           0.03161488041830 
          1.39297443418142           0.02761808846433 
          1.48003533631776           0.02182202378330 
          1.56709623845410           0.01687327179283 
          1.65415714059044           0.00769094390268 
          1.74121804272678           0.01263800019793 
          1.82827894486312           0.00741077395986 
          1.91533984699946           0.00600464418645 
          2.00240074913580           0.00685990671710 
          2.08946165127214           0.00472011450063 
          2.17652255340848           0.00415846879202 
          2.26358345554481           0.00385041982899 
          2.35064435768115           0.00438775158838 
          2.43770525981749           0.00213699550941 
          2.52476616195383           0.00296954806633 
          2.61182706409017           0.00227077530580 
          2.69888796622651           0.00179921461842 
          2.78594886836285           0.00225049613904 
          2.87300977049919           0.00158259422062 
          2.96007067263553           0.00155589348623 
          3.04713157477187           0.00150126467568 
          3.13419247690821           0.00104491231826 
          3.22125337904454           0.00123211039754 
          3.30831428118088           0.00097285717909 
          3.39537518331722           0.00103839014937 
          3.48243608545356           0.00091574783708 
          3.56949698758990           0.00083968850601 
          3.65655788972624           0.00059201612187 
          3.74361879186258           0.00055464019803 
          3.83067969399892           0.00052843663465 
          3.91774059613526           0.00055401024306 
          4.00480149827160           0.00043278023485 
          4.09186240040793           0.00043186569317 
          4.17892330254427           0.00037593936609 
          4.26598420468061           0.00036742211167 
          4.35304510681695           0.00029134397673 
          4.44010600895329           0.00026034009705 
          4.52716691108963           0.00022952469956 
          4.61422781322597           0.00022678909595 
          4.70128871536231           0.00021831723919 
          4.78834961749865           0.00016064209612 
          4.87541051963499           0.00017824111059 
          4.96247142177132           0.00013083198862 
          5.04953232390766           0.00012407993873 
          5.13659322604400           0.00011758300999 
          5.22365412818034           0.00010824918770 
          5.31071503031668           0.00010900718433 
          5.39777593245302           0.00011123554895 
          5.48483683458936           0.00009623531137 
          5.57189773672570           0.00008131787940 
          5.65895863886204           0.00007612375861 
          5.74601954099838           0.00007760335901 
          5.83308044313471           0.00007002423118 
          5.92014134527105           0.00006193282978 
          6.00720224740739           0.00006295080012 
          6.09426314954373           0.00006014042454 
