          0.08622458223109        3662.52282801902400 
          0.17244916446218          96.09733134905635 
          0.25867374669327           7.52400544196239 
          0.34489832892436           3.60513071552063 
          0.43112291115545           1.80229242291150 
          0.51734749338654           0.62502759806782 
          0.60357207561764           0.60754792847364 
          0.68979665784873           0.23501392387194 
          0.77602124007982           0.16043530663548 
          0.86224582231091           0.10390389968907 
          0.94847040454200           0.06962827100225 
          1.03469498677309           0.06185815147302 
          1.12091956900418           0.05744003048115 
          1.20714415123527           0.04012222888781 
          1.29336873346636           0.02228829273354 
          1.37959331569745           0.01889069524830 
          1.46581789792854           0.01945113550554 
          1.55204248015963           0.01272982937554 
          1.63826706239073           0.01301168676256 
          1.72449164462182           0.00880344356888 
          1.81071622685291           0.00695223087614 
          1.89694080908400           0.00677074652335 
          1.98316539131509           0.00658565727845 
          2.06938997354618           0.00449179690728 
          2.15561455577727           0.00389941383887 
          2.24183913800836           0.00330557886932 
          2.32806372023945           0.00351282143154 
          2.41428830247054           0.00322871549211 
          2.50051288470163           0.00318973674574 
          2.58673746693272           0.00215994779784 
          2.67296204916381           0.00168767245542 
          2.75918663139491           0.00137072124438 
          2.84541121362600           0.00197823521647 
          2.93163579585709           0.00194397644150 
          3.01786037808818           0.00126803549016 
          3.10408496031927           0.00123631547237 
          3.19030954255036           0.00100052425540 
          3.27653412478145           0.00098253759588 
          3.36275870701254           0.00086279901307 
          3.44898328924363           0.00085957459596 
          3.53520787147472           0.00057425431754 
          3.62143245370581           0.00065387893489 
          3.70765703593690           0.00035495205228 
          3.79388161816800           0.00060688920626 
          3.88010620039909           0.00040433561236 
          3.96633078263018           0.00038877512947 
          4.05255536486127           0.00041727596569 
          4.13877994709236           0.00033284035912 
          4.22500452932345           0.00037723173618 
          4.31122911155454           0.00030503956045 
          4.39745369378563           0.00030333275057 
          4.48367827601672           0.00025162875687 
          4.56990285824781           0.00016553782678 
          4.65612744047890           0.00018609086215 
          4.74235202270999           0.00018543464432 
          4.82857660494108           0.00017273110490 
          4.91480118717218           0.00014079417031 
          5.00102576940327           0.00012517429021 
          5.08725035163436           0.00012180641948 
          5.17347493386545           0.00010127690460 
          5.25969951609654           0.00008423065875 
          5.34592409832763           0.00010529354353 
          5.43214868055872           0.00007163062545 
          5.51837326278981           0.00008230813491 
          5.60459784502090           0.00006468816010 
          5.69082242725199           0.00006911650416 
          5.77704700948308           0.00005958160530 
          5.86327159171418           0.00005849066660 
          5.94949617394527           0.00005689043647 
          6.03572075617636           0.00005004750268 
          6.12194533840745           0.00005469824209 
