          0.08380932782686         523.80121586108214 
          0.16761865565372          63.06549489636905 
          0.25142798348058          15.12507775182601 
          0.33523731130743           4.11353182235092 
          0.41904663913429           2.33780232013281 
          0.50285596696115           0.82574741998422 
          0.58666529478801           0.57652583287730 
          0.67047462261487           0.59124979742747 
          0.75428395044173           0.27226650563207 
          0.83809327826859           0.20602466393103 
          0.92190260609544           0.14811693957158 
          1.00571193392230           0.18227014282518 
          1.08952126174916           0.15409245153917 
          1.17333058957602           0.11516527105984 
          1.25713991740288           0.13537493731277 
          1.34094924522974           0.14704186944495 
          1.42475857305660           0.09422531127455 
          1.50856790088345           0.09448322734509 
          1.59237722871031           0.12642137806499 
          1.67618655653717           0.10311072399675 
          1.75999588436403           0.07596068692664 
          1.84380521219089           0.08513897413208 
          1.92761454001775           0.10351141249263 
          2.01142386784461           0.08361960412958 
          2.09523319567146           0.06388537897621 
          2.17904252349832           0.08121379007133 
          2.26285185132518           0.09010489397399 
          2.34666117915204           0.05638477636632 
          2.43047050697890           0.04937382593841 
          2.51427983480576           0.06689171600211 
          2.59808916263262           0.06086536663180 
          2.68189849045947           0.04669755296919 
          2.76570781828633           0.04840092487292 
          2.84951714611319           0.05344182407353 
          2.93332647394005           0.04499849753211 
          3.01713580176691           0.03758452248327 
          3.10094512959377           0.04024951655035 
          3.18475445742063           0.03934478241643 
          3.26856378524748           0.03584809212097 
          3.35237311307434           0.03418757853958 
          3.43618244090120           0.03120032903331 
          3.51999176872806           0.02901283969134 
          3.60380109655492           0.02904976856625 
          3.68761042438178           0.02042115140490 
          3.77141975220864           0.02218782127588 
          3.85522908003549           0.02317800505110 
          3.93903840786235           0.01994333300211 
          4.02284773568921           0.01393282525865 
          4.10665706351607           0.01630046041610 
          4.19046639134293           0.01703664143948 
          4.27427571916979           0.01199474629154 
          4.35808504699665           0.01113639608840 
          4.44189437482350           0.01209342757247 
          4.52570370265036           0.01146305812835 
          4.60951303047722           0.00764588809639 
          4.69332235830408           0.00795163213637 
          4.77713168613094           0.00806782940236 
          4.86094101395780           0.00656681657427 
          4.94475034178465           0.00542365176688 
          5.02855966961151           0.00564411413668 
          5.11236899743837           0.00481028352943 
          5.19617832526523           0.00384555874322 
          5.27998765309209           0.00365241890407 
          5.36379698091895           0.00343884183858 
          5.44760630874581           0.00286951083390 
          5.53141563657267           0.00240557023206 
          5.61522496439952           0.00243861508230 
          5.69903429222638           0.00206494859596 
          5.78284362005324           0.00166889572445 
          5.86665294788010           0.00176820860526 
          5.95046227570696           0.00154245099025 
          6.03427160353382           0.00129861493465 
          6.11808093136067           0.00138275926830 
