          0.08459923666594         476.85522499159038 
          0.16919847333189          32.05335035344922 
          0.25379770999783          14.53780305865296 
          0.33839694666377           2.88861519716466 
          0.42299618332972           1.09783809541421 
          0.50759541999566           1.28176916128875 
          0.59219465666160           0.53639981429852 
          0.67679389332754           0.21383437747974 
          0.76139312999349           0.19478233816590 
          0.84599236665943           0.13300947631539 
          0.93059160332537           0.12311586508475 
          1.01519083999132           0.03835070264959 
          1.09979007665726           0.04756643345399 
          1.18438931332320           0.03533911373516 
          1.26898854998914           0.02329263011126 
          1.35358778665509           0.01781008183746 
          1.43818702332103           0.01845079412056 
          1.52278625998697           0.01211256806906 
          1.60738549665292           0.01255258037765 
          1.69198473331886           0.01059640031349 
          1.77658396998480           0.00998435173324 
          1.86118320665075           0.00579627853242 
          1.94578244331669           0.00717687886947 
          2.03038167998263           0.00450131225102 
          2.11498091664857           0.00440152991543 
          2.19958015331452           0.00481360242169 
          2.28417938998046           0.00338535998257 
          2.36877862664640           0.00395872932637 
          2.45337786331235           0.00213285829487 
          2.53797709997829           0.00256596017926 
          2.62257633664423           0.00223788051883 
          2.70717557331018           0.00151296203481 
          2.79177480997612           0.00162822330189 
          2.87637404664206           0.00138111793284 
          2.96097328330800           0.00168490441391 
          3.04557251997395           0.00142050278380 
          3.13017175663989           0.00089967409437 
          3.21477099330583           0.00099325026845 
          3.29937022997178           0.00067751207565 
          3.38396946663772           0.00073715096159 
          3.46856870330366           0.00073170282348 
          3.55316793996961           0.00055626335972 
          3.63776717663555           0.00055769646611 
          3.72236641330149           0.00056487165744 
          3.80696564996743           0.00044207179178 
          3.89156488663338           0.00042549847739 
          3.97616412329932           0.00043263786884 
          4.06076335996526           0.00038985925741 
          4.14536259663121           0.00039712521451 
          4.22996183329715           0.00031041377468 
          4.31456106996309           0.00029816358612 
          4.39916030662904           0.00024672566058 
          4.48375954329498           0.00024107700864 
          4.56835877996092           0.00020582950281 
          4.65295801662687           0.00017325207173 
          4.73755725329281           0.00020631168742 
          4.82215648995875           0.00016663013060 
          4.90675572662469           0.00013496700240 
          4.99135496329064           0.00013733024471 
          5.07595419995658           0.00014282580462 
          5.16055343662252           0.00011181475199 
          5.24515267328847           0.00010418676379 
          5.32975190995441           0.00010194488756 
          5.41435114662035           0.00009804260752 
          5.49895038328629           0.00008242100675 
          5.58354961995224           0.00008199938379 
          5.66814885661818           0.00007738333784 
          5.75274809328412           0.00006600693396 
          5.83734732995007           0.00006923210482 
          5.92194656661601           0.00005673618892 
          6.00654580328195           0.00007223616362 
          6.09114503994790           0.00005669143449 
