          0.09641223426699       45231.90032292307300 
          0.19282446853398         230.91061707329990 
          0.28923670280096          53.70877900246266 
          0.38564893706795           7.36017058505369 
          0.48206117133494           5.33871378986665 
          0.57847340560193           1.43460361361557 
          0.67488563986891           1.06033127866808 
          0.77129787413590           0.46908726308392 
          0.86771010840289           0.28927938298345 
          0.96412234266988           0.19460860027422 
          1.06053457693686           0.10594999184450 
          1.15694681120385           0.09363911269387 
          1.25335904547084           0.06030633345186 
          1.34977127973783           0.05113163656042 
          1.44618351400481           0.04683138230636 
          1.54259574827180           0.02427846400552 
          1.63900798253879           0.02608277643955 
          1.73542021680578           0.02124727836873 
          1.83183245107277           0.01655917917816 
          1.92824468533975           0.01495269878615 
          2.02465691960674           0.01494431728687 
          2.12106915387373           0.01052186696693 
          2.21748138814072           0.00798423529627 
          2.31389362240770           0.01036396644808 
          2.41030585667469           0.00759488499775 
          2.50671809094168           0.00457891534290 
          2.60313032520867           0.00515384413152 
          2.69954255947565           0.00401613291264 
          2.79595479374264           0.00376142759914 
          2.89236702800963           0.00372758398933 
          2.98877926227662           0.00288890757138 
          3.08519149654361           0.00257119315504 
          3.18160373081059           0.00239168169936 
          3.27801596507758           0.00271526046003 
          3.37442819934457           0.00198502985165 
          3.47084043361156           0.00178598540868 
          3.56725266787854           0.00168798763066 
          3.66366490214553           0.00196175966770 
          3.76007713641252           0.00155344184272 
          3.85648937067951           0.00114437096593 
          3.95290160494649           0.00132571079072 
          4.04931383921348           0.00118915982436 
          4.14572607348047           0.00104398068248 
          4.24213830774746           0.00086240147950 
          4.33855054201444           0.00106719927393 
          4.43496277628143           0.00074320045145 
          4.53137501054842           0.00085184462057 
          4.62778724481541           0.00065572705849 
          4.72419947908240           0.00068104789476 
          4.82061171334938           0.00070393101735 
          4.91702394761637           0.00059585684381 
          5.01343618188336           0.00065974061706 
          5.10984841615035           0.00052478104015 
          5.20626065041733           0.00047495116465 
          5.30267288468432           0.00042321290160 
          5.39908511895131           0.00038608569921 
          5.49549735321830           0.00037982133929 
          5.59190958748528           0.00033171903176 
          5.68832182175227           0.00031093258745 
          5.78473405601926           0.00035893366782 
          5.88114629028625           0.00037777791122 
          5.97755852455323           0.00033468260211 
          6.07397075882022           0.00031808406074 
