          0.08540417707190         467.84825279759383 
          0.17080835414380          64.05906841699661 
          0.25621253121570          11.95840336150416 
          0.34161670828759           1.40632540206415 
          0.42702088535949           2.13940223651911 
          0.51242506243139           0.57120014600667 
          0.59782923950329           0.43488260135659 
          0.68323341657519           0.22238297370385 
          0.76863759364709           0.13370041593328 
          0.85404177071899           0.08337621815033 
          0.93944594779089           0.07707018211438 
          1.02485012486278           0.07134877190830 
          1.11025430193468           0.03952304275479 
          1.19565847900658           0.03159445604251 
          1.28106265607848           0.02918428691014 
          1.36646683315038           0.02208799133086 
          1.45187101022228           0.01558305320344 
          1.53727518729418           0.01607240285410 
          1.62267936436608           0.01069451701999 
          1.70808354143797           0.01096630617990 
          1.79348771850987           0.00597494720203 
          1.87889189558177           0.00640740980798 
          1.96429607265367           0.00700976991164 
          2.04970024972557           0.00457306870092 
          2.13510442679747           0.00435079931028 
          2.22050860386937           0.00446312128233 
          2.30591278094126           0.00399803785199 
          2.39131695801316           0.00249180959516 
          2.47672113508506           0.00256766656481 
          2.56212531215696           0.00252338439355 
          2.64752948922886           0.00193638211464 
          2.73293366630076           0.00182659643437 
          2.81833784337266           0.00136690783261 
          2.90374202044456           0.00133938773282 
          2.98914619751645           0.00110299978620 
          3.07455037458835           0.00108824420761 
          3.15995455166025           0.00100787735288 
          3.24535872873215           0.00117222419987 
          3.33076290580405           0.00074071546928 
          3.41616708287595           0.00077888673365 
          3.50157125994785           0.00074423095837 
          3.58697543701975           0.00055145653449 
          3.67237961409164           0.00046826351943 
          3.75778379116354           0.00041651023493 
          3.84318796823544           0.00042786681649 
          3.92859214530734           0.00042536160745 
          4.01399632237924           0.00032404765063 
          4.09940049945114           0.00031408150993 
          4.18480467652304           0.00029345229384 
          4.27020885359493           0.00026859732798 
          4.35561303066683           0.00017669805479 
          4.44101720773873           0.00023607405313 
          4.52642138481063           0.00020959226609 
          4.61182556188253           0.00016753014300 
          4.69722973895443           0.00012564979546 
          4.78263391602633           0.00014895982705 
          4.86803809309823           0.00014545020814 
          4.95344227017012           0.00009112876728 
          5.03884644724202           0.00009897966679 
          5.12425062431392           0.00009870136953 
          5.20965480138582           0.00008531262974 
          5.29505897845772           0.00009026805819 
          5.38046315552962           0.00007778501721 
          5.46586733260152           0.00006877445403 
          5.55127150967341           0.00006017377799 
          5.63667568674531           0.00006476556524 
          5.72207986381721           0.00005192766783 
          5.80748404088911           0.00004682267704 
          5.89288821796101           0.00005191781209 
          5.97829239503291           0.00004085342692 
          6.06369657210481           0.00004486212218 
          6.14910074917671           0.00004042528403 
