          0.09438463733182       39302.83666732695600 
          0.18876927466365         109.00399552784449 
          0.28315391199547          57.69593174904733 
          0.37753854932730           7.47966582472660 
          0.47192318665912           1.80217284150454 
          0.56630782399095           0.96958869898140 
          0.66069246132277           0.54078161327734 
          0.75507709865460           0.32536667643282 
          0.84946173598642           0.23302145462569 
          0.94384637331825           0.26838844013103 
          1.03823101065007           0.08280701204555 
          1.13261564798190           0.10298528316706 
          1.22700028531372           0.05102199873747 
          1.32138492264555           0.03453949184441 
          1.41576955997737           0.03877031399484 
          1.51015419730920           0.02254586952424 
          1.60453883464102           0.01947602289178 
          1.69892347197285           0.02239670751649 
          1.79330810930467           0.01596884721962 
          1.88769274663650           0.01137027901978 
          1.98207738396832           0.01048370040524 
          2.07646202130015           0.00831232295662 
          2.17084665863197           0.00739753120724 
          2.26523129596380           0.00741763725612 
          2.35961593329562           0.00514374178138 
          2.45400057062745           0.00472224274202 
          2.54838520795927           0.00337786022450 
          2.64276984529110           0.00354566367247 
          2.73715448262292           0.00445810585489 
          2.83153911995475           0.00292401114331 
          2.92592375728657           0.00231810811105 
          3.02030839461840           0.00228474426919 
          3.11469303195022           0.00238435911410 
          3.20907766928205           0.00204879447338 
          3.30346230661387           0.00206503504907 
          3.39784694394570           0.00138747847141 
          3.49223158127752           0.00195366060079 
          3.58661621860935           0.00126600583670 
          3.68100085594117           0.00119478117619 
          3.77538549327300           0.00124347346266 
          3.86977013060482           0.00101574595650 
          3.96415476793665           0.00069682328270 
          4.05853940526847           0.00085543926198 
          4.15292404260030           0.00074685881288 
          4.24730867993212           0.00071819467447 
          4.34169331726395           0.00052390142636 
          4.43607795459577           0.00053797194221 
          4.53046259192760           0.00061194650066 
          4.62484722925942           0.00058425809166 
          4.71923186659125           0.00045012640449 
          4.81361650392307           0.00036763546514 
          4.90800114125490           0.00040299634958 
          5.00238577858672           0.00040079083021 
          5.09677041591855           0.00033205514558 
          5.19115505325037           0.00034698326335 
          5.28553969058220           0.00028111517877 
          5.37992432791402           0.00031312016062 
          5.47430896524585           0.00026198612961 
          5.56869360257767           0.00027696503912 
          5.66307823990950           0.00027491233365 
          5.75746287724132           0.00026163449920 
          5.85184751457315           0.00022566160484 
          5.94623215190497           0.00021807820646 
          6.04061678923680           0.00020403328712 
          6.13500142656862           0.00020076689406 
