          0.08791360440996        7824.04201684374310 
          0.17582720881991         148.04192611544050 
          0.26374081322987          18.17625546487119 
          0.35165441763983           2.85247751728265 
          0.43956802204978           1.28232185590917 
          0.52748162645974           1.11139554646756 
          0.61539523086970           0.39512384111080 
          0.70330883527965           0.22257549580497 
          0.79122243968961           0.16395918699914 
          0.87913604409956           0.17699116924573 
          0.96704964850952           0.08218025215736 
          1.05496325291948           0.03764641206949 
          1.14287685732943           0.03772582339333 
          1.23079046173939           0.03810419394671 
          1.31870406614935           0.02336577686493 
          1.40661767055930           0.02154354412040 
          1.49453127496926           0.01230161195369 
          1.58244487937922           0.01552256234815 
          1.67035848378917           0.00645335819943 
          1.75827208819913           0.00730314180934 
          1.84618569260909           0.01116399464521 
          1.93409929701904           0.00875599964779 
          2.02201290142900           0.00600237883312 
          2.10992650583895           0.00408905878812 
          2.19784011024891           0.00438974584644 
          2.28575371465887           0.00387064911377 
          2.37366731906882           0.00389148791484 
          2.46158092347878           0.00213240437576 
          2.54949452788874           0.00273912371043 
          2.63740813229869           0.00211901306768 
          2.72532173670865           0.00196500532586 
          2.81323534111861           0.00217385094856 
          2.90114894552856           0.00145632035430 
          2.98906254993852           0.00133309812714 
          3.07697615434848           0.00114404033577 
          3.16488975875843           0.00128200204532 
          3.25280336316839           0.00135938160089 
          3.34071696757834           0.00098669001250 
          3.42863057198830           0.00084143859859 
          3.51654417639826           0.00060062323133 
          3.60445778080821           0.00067015908710 
          3.69237138521817           0.00056306219493 
          3.78028498962813           0.00043850188099 
          3.86819859403808           0.00051371823795 
          3.95611219844804           0.00043719599897 
          4.04402580285800           0.00043200265121 
          4.13193940726795           0.00036367844347 
          4.21985301167791           0.00035584661132 
          4.30776661608787           0.00026901983701 
          4.39568022049782           0.00028508375780 
          4.48359382490778           0.00024640782952 
          4.57150742931773           0.00022742319137 
          4.65942103372769           0.00024089096171 
          4.74733463813765           0.00019703504157 
          4.83524824254760           0.00017547295289 
          4.92316184695756           0.00015918342543 
          5.01107545136752           0.00013865943278 
          5.09898905577747           0.00012789215653 
          5.18690266018743           0.00012756980948 
          5.27481626459739           0.00011135644075 
          5.36272986900734           0.00009361714233 
          5.45064347341730           0.00009017019463 
          5.53855707782726           0.00008611487930 
          5.62647068223721           0.00008215323629 
          5.71438428664717           0.00006610578856 
          5.80229789105713           0.00007353827725 
          5.89021149546708           0.00006277880276 
          5.97812509987704           0.00006157458915 
          6.06603870428699           0.00005388329065 
