          0.08878317517563       16865.26035075503400 
          0.17756635035127          24.51195120458822 
          0.26634952552690          16.95507459453858 
          0.35513270070253           7.23787703150723 
          0.44391587587817           2.37756108951767 
          0.53269905105380           1.11781722097550 
          0.62148222622943           0.32458448390132 
          0.71026540140507           0.22246225832846 
          0.79904857658070           0.29076950520152 
          0.88783175175634           0.13227683516733 
          0.97661492693197           0.09987302377654 
          1.06539810210760           0.06512102047082 
          1.15418127728324           0.04903564250230 
          1.24296445245887           0.02649562925914 
          1.33174762763450           0.02531858144054 
          1.42053080281014           0.02299255254758 
          1.50931397798577           0.01559712479718 
          1.59809715316140           0.01281141019818 
          1.68688032833704           0.01476651184317 
          1.77566350351267           0.00590068807470 
          1.86444667868830           0.01031581204917 
          1.95322985386394           0.00617955724054 
          2.04201302903957           0.00563113279007 
          2.13079620421521           0.00711914672997 
          2.21957937939084           0.00509528556695 
          2.30836255456647           0.00479106171278 
          2.39714572974211           0.00316356375847 
          2.48592890491774           0.00410766569965 
          2.57471208009337           0.00278084053462 
          2.66349525526901           0.00220731051803 
          2.75227843044464           0.00288250313135 
          2.84106160562027           0.00248622984200 
          2.92984478079591           0.00172030997870 
          3.01862795597154           0.00190170620241 
          3.10741113114717           0.00131490881740 
          3.19619430632281           0.00100348833190 
          3.28497748149844           0.00135879697854 
          3.37376065667408           0.00111410676108 
          3.46254383184971           0.00088286269583 
          3.55132700702534           0.00069156812511 
          3.64011018220098           0.00070114851764 
          3.72889335737661           0.00064532974013 
          3.81767653255224           0.00050718737952 
          3.90645970772788           0.00047217964846 
          3.99524288290351           0.00063169468041 
          4.08402605807914           0.00051112289304 
          4.17280923325478           0.00034156120177 
          4.26159240843041           0.00031017233859 
          4.35037558360604           0.00034025037141 
          4.43915875878168           0.00027569986559 
          4.52794193395731           0.00027925663343 
          4.61672510913295           0.00028891070366 
          4.70550828430858           0.00021986485891 
          4.79429145948421           0.00024493670821 
          4.88307463465985           0.00022183862944 
          4.97185780983548           0.00018278292675 
          5.06064098501111           0.00014767509108 
          5.14942416018675           0.00017582514198 
          5.23820733536238           0.00011706396077 
          5.32699051053801           0.00013406003006 
          5.41577368571365           0.00011558783986 
          5.50455686088928           0.00008952066209 
          5.59334003606491           0.00009809087716 
          5.68212321124055           0.00009015151155 
          5.77090638641618           0.00007381635279 
          5.85968956159181           0.00009265198153 
          5.94847273676745           0.00009172064943 
          6.03725591194308           0.00007285349850 
          6.12603908711872           0.00007012502189 
