          0.09538766217063       45591.84893482746000 
          0.19077532434127         145.95005293572140 
          0.28616298651190          49.45517399271103 
          0.38155064868253           3.82032346650394 
          0.47693831085316           2.72832938268628 
          0.57232597302380           1.12008995891632 
          0.66771363519443           0.52749821716926 
          0.76310129736506           0.23590633707658 
          0.85848895953570           0.28591165290667 
          0.95387662170633           0.13250687555677 
          1.04926428387696           0.12002401103213 
          1.14465194604759           0.09161408909388 
          1.24003960821823           0.04497622994467 
          1.33542727038886           0.05557167999308 
          1.43081493255949           0.03554669006810 
          1.52620259473013           0.02469882816741 
          1.62159025690076           0.02312850460753 
          1.71697791907139           0.01638731677936 
          1.81236558124202           0.01996667754131 
          1.90775324341266           0.01462779310523 
          2.00314090558329           0.01301597064219 
          2.09852856775392           0.00910577721076 
          2.19391622992456           0.00883383316311 
          2.28930389209519           0.00969931813300 
          2.38469155426582           0.00576395855765 
          2.48007921643645           0.00581948263145 
          2.57546687860709           0.00450820158434 
          2.67085454077772           0.00369088485669 
          2.76624220294835           0.00391314038924 
          2.86162986511899           0.00364483867223 
          2.95701752728962           0.00271271323756 
          3.05240518946025           0.00265666928524 
          3.14779285163088           0.00217288416498 
          3.24318051380152           0.00272913438896 
          3.33856817597215           0.00191861610277 
          3.43395583814278           0.00146433409350 
          3.52934350031342           0.00148966420553 
          3.62473116248405           0.00136678054288 
          3.72011882465468           0.00107832181879 
          3.81550648682531           0.00145266008548 
          3.91089414899595           0.00090582247576 
          4.00628181116658           0.00105100211631 
          4.10166947333721           0.00090620366273 
          4.19705713550785           0.00094802077405 
          4.29244479767848           0.00071789380534 
          4.38783245984911           0.00061721064775 
          4.48322012201975           0.00053852757628 
          4.57860778419038           0.00050280412796 
          4.67399544636101           0.00052226900463 
          4.76938310853164           0.00042862918825 
          4.86477077070228           0.00038951603862 
          4.96015843287291           0.00039478979213 
          5.05554609504354           0.00034165348991 
          5.15093375721418           0.00030517337365 
          5.24632141938481           0.00035413437381 
          5.34170908155544           0.00026583378526 
          5.43709674372607           0.00028542913835 
          5.53248440589671           0.00029080837994 
          5.62787206806734           0.00025875954308 
          5.72325973023797           0.00023531769932 
          5.81864739240861           0.00024042516194 
          5.91403505457924           0.00020876039160 
          6.00942271674987           0.00018658638139 
          6.10481037892050           0.00019462569329 
