          0.09745905548596       50121.70472995724400 
          0.19491811097191         277.69127070738443 
          0.29237716645787          35.67229227526125 
          0.38983622194382           8.45382893447349 
          0.48729527742978           2.79906321602257 
          0.58475433291574           1.33831328579564 
          0.68221338840169           0.83792706179169 
          0.77967244388765           0.48650299140505 
          0.87713149937360           0.36932684630045 
          0.97459055485956           0.17772060163465 
          1.07204961034552           0.09783056416958 
          1.16950866583147           0.10109533133454 
          1.26696772131743           0.08927446907250 
          1.36442677680338           0.04397836922563 
          1.46188583228934           0.03559184364618 
          1.55934488777530           0.03084065593300 
          1.65680394326125           0.02653121595919 
          1.75426299874721           0.02107639486799 
          1.85172205423316           0.01479534698251 
          1.94918110971912           0.01327461491072 
          2.04664016520508           0.01339731515285 
          2.14409922069103           0.01130693998585 
          2.24155827617699           0.00791753544764 
          2.33901733166295           0.00897251035612 
          2.43647638714890           0.00782591431125 
          2.53393544263486           0.00627430157440 
          2.63139449812081           0.00594308685466 
          2.72885355360677           0.00354330284367 
          2.82631260909273           0.00378742663639 
          2.92377166457868           0.00351620024981 
          3.02123072006464           0.00274810755869 
          3.11868977555059           0.00207877954302 
          3.21614883103655           0.00253641434032 
          3.31360788652251           0.00252693251176 
          3.41106694200846           0.00261731014255 
          3.50852599749442           0.00180801084771 
          3.60598505298037           0.00137603320243 
          3.70344410846633           0.00118375180576 
          3.80090316395229           0.00134075965563 
          3.89836221943824           0.00178875173388 
          3.99582127492420           0.00157445648397 
          4.09328033041015           0.00119101425713 
          4.19073938589611           0.00094495458886 
          4.28819844138207           0.00082280213176 
          4.38565749686802           0.00102833346570 
          4.48311655235398           0.00083215825661 
          4.58057560783993           0.00080642508512 
          4.67803466332589           0.00076338168729 
          4.77549371881185           0.00067364877934 
          4.87295277429780           0.00064072429548 
          4.97041182978376           0.00057256896148 
          5.06787088526971           0.00060041616694 
          5.16532994075567           0.00058016652750 
          5.26278899624163           0.00053869118845 
          5.36024805172758           0.00045758049842 
          5.45770710721354           0.00051781952398 
          5.55516616269949           0.00038079816865 
          5.65262521818545           0.00041131607165 
          5.75008427367141           0.00042734997674 
          5.84754332915736           0.00037569113571 
          5.94500238464332           0.00035292264501 
          6.04246144012927           0.00035084167858 
