          0.09745905548596         130.56427635849647 
          0.19491811097191           9.82199776781851 
          0.29237716645787           3.06050993949140 
          0.38983622194382           1.09262322521256 
          0.48729527742978           0.26612171676187 
          0.58475433291574           0.11014558740910 
          0.68221338840169           0.10208448815323 
          0.77967244388765           0.04782827789010 
          0.87713149937360           0.01868579472143 
          0.97459055485956           0.02462429962262 
          1.07204961034552           0.01607468717415 
          1.16950866583147           0.01055940374879 
          1.26696772131743           0.01178941759475 
          1.36442677680338           0.00575677530606 
          1.46188583228934           0.00795356843996 
          1.55934488777530           0.00420499717055 
          1.65680394326125           0.00555789758812 
          1.75426299874721           0.00296911108717 
          1.85172205423316           0.00346954983070 
          1.94918110971912           0.00206165185222 
          2.04664016520508           0.00264894409320 
          2.14409922069103           0.00271996989142 
          2.24155827617699           0.00187993074016 
          2.33901733166295           0.00187609496025 
          2.43647638714890           0.00166966166374 
          2.53393544263486           0.00139700352077 
          2.63139449812081           0.00113904008090 
          2.72885355360677           0.00124591261360 
          2.82631260909273           0.00115476040627 
          2.92377166457868           0.00119537262774 
          3.02123072006464           0.00129109802232 
          3.11868977555059           0.00097936021823 
          3.21614883103655           0.00100948945442 
          3.31360788652251           0.00108413658684 
          3.41106694200846           0.00085327160679 
          3.50852599749442           0.00078183385422 
          3.60598505298037           0.00070145189812 
          3.70344410846633           0.00066955030611 
          3.80090316395229           0.00056305171149 
          3.89836221943824           0.00066781223808 
          3.99582127492420           0.00056060490367 
          4.09328033041015           0.00041860445326 
          4.19073938589611           0.00043230078309 
          4.28819844138207           0.00039291407109 
          4.38565749686802           0.00030833747847 
          4.48311655235398           0.00025331244178 
          4.58057560783993           0.00027992525939 
          4.67803466332589           0.00021271764042 
          4.77549371881185           0.00016139664943 
          4.87295277429780           0.00019828051033 
          4.97041182978376           0.00019827514789 
          5.06787088526971           0.00013254187557 
          5.16532994075567           0.00011990328491 
          5.26278899624163           0.00012577784124 
          5.36024805172758           0.00007684306871 
          5.45770710721354           0.00007413065281 
          5.55516616269949           0.00005449385146 
          5.65262521818545           0.00006368528615 
          5.75008427367141           0.00005184683944 
          5.84754332915736           0.00004442047659 
          5.94500238464332           0.00003427655248 
          6.04246144012927           0.00003547195853 
