          0.08540417707190          20.92249610958119 
          0.17080835414380          24.00373063743450 
          0.25621253121570           4.41657512756544 
          0.34161670828759           2.54059472352985 
          0.42702088535949           0.83063201006614 
          0.51242506243139           0.32802434965028 
          0.59782923950329           0.23304754627639 
          0.68323341657519           0.15197414257782 
          0.76863759364709           0.09610579300705 
          0.85404177071899           0.07485750620231 
          0.93944594779089           0.05403511326386 
          1.02485012486278           0.03306623299324 
          1.11025430193468           0.03352842689668 
          1.19565847900658           0.02206694821208 
          1.28106265607848           0.01734690200755 
          1.36646683315038           0.02063683394351 
          1.45187101022228           0.00891454602760 
          1.53727518729418           0.01093093187004 
          1.62267936436608           0.00914725675426 
          1.70808354143797           0.00998716615159 
          1.79348771850987           0.00730616547122 
          1.87889189558177           0.00757102957261 
          1.96429607265367           0.00720426791485 
          2.04970024972557           0.00499842951903 
          2.13510442679747           0.00488819669712 
          2.22050860386937           0.00437809696296 
          2.30591278094126           0.00460257139083 
          2.39131695801316           0.00304034822102 
          2.47672113508506           0.00306971089833 
          2.56212531215696           0.00285750078871 
          2.64752948922886           0.00277547471705 
          2.73293366630076           0.00264087376831 
          2.81833784337266           0.00236956755666 
          2.90374202044456           0.00165076132133 
          2.98914619751645           0.00176028442701 
          3.07455037458835           0.00246904463403 
          3.15995455166025           0.00181174147663 
          3.24535872873215           0.00176480331028 
          3.33076290580405           0.00119881101511 
          3.41616708287595           0.00137539099532 
          3.50157125994785           0.00120743061592 
          3.58697543701975           0.00128673060415 
          3.67237961409164           0.00112463750781 
          3.75778379116354           0.00128103129048 
          3.84318796823544           0.00105728058644 
          3.92859214530734           0.00092136188364 
          4.01399632237924           0.00097263172907 
          4.09940049945114           0.00084170585279 
          4.18480467652304           0.00079453263743 
          4.27020885359493           0.00066147499929 
          4.35561303066683           0.00057387145654 
          4.44101720773873           0.00084059464578 
          4.52642138481063           0.00057155129888 
          4.61182556188253           0.00054644799674 
          4.69722973895443           0.00045556378992 
          4.78263391602633           0.00050765982517 
          4.86803809309823           0.00051713616476 
          4.95344227017012           0.00038373247007 
          5.03884644724202           0.00047649819117 
          5.12425062431392           0.00041361890898 
          5.20965480138582           0.00040185503595 
          5.29505897845772           0.00035054846652 
          5.38046315552962           0.00033834816192 
          5.46586733260152           0.00033616917354 
          5.55127150967341           0.00032284742799 
          5.63667568674531           0.00031241560122 
          5.72207986381721           0.00028980285851 
          5.80748404088911           0.00026981647369 
          5.89288821796101           0.00028349251588 
          5.97829239503291           0.00026039961792 
          6.06369657210481           0.00025678362722 
          6.14910074917671           0.00024656247308 
