          0.09057496478564           3.78597195537916 
          0.18114992957127          10.80705517698493 
          0.27172489435691           1.43049732933130 
          0.36229985914254           1.16124168334648 
          0.45287482392818           0.55365748271854 
          0.54344978871382           0.12211031785317 
          0.63402475349945           0.12290738872525 
          0.72459971828509           0.06245577721117 
          0.81517468307073           0.03000380465304 
          0.90574964785636           0.03540166995120 
          0.99632461264200           0.02575725436876 
          1.08689957742763           0.02276355939534 
          1.17747454221327           0.01032443993807 
          1.26804950699891           0.00921322301585 
          1.35862447178454           0.00770559183000 
          1.44919943657018           0.00741488121652 
          1.53977440135582           0.00540109305443 
          1.63034936614145           0.00500452881601 
          1.72092433092709           0.00445545098010 
          1.81149929571272           0.00350295002748 
          1.90207426049836           0.00266339383247 
          1.99264922528400           0.00301835731154 
          2.08322419006963           0.00326395392933 
          2.17379915485527           0.00340945545881 
          2.26437411964091           0.00238802300372 
          2.35494908442654           0.00211553150243 
          2.44552404921218           0.00152903279088 
          2.53609901399781           0.00200295877438 
          2.62667397878345           0.00116083486972 
          2.71724894356909           0.00161985778345 
          2.80782390835472           0.00137580487153 
          2.89839887314036           0.00110468984525 
          2.98897383792600           0.00083614801616 
          3.07954880271163           0.00100801798236 
          3.17012376749727           0.00080248152613 
          3.26069873228290           0.00077183923690 
          3.35127369706854           0.00063842671559 
          3.44184866185418           0.00073186427261 
          3.53242362663981           0.00053258249869 
          3.62299859142545           0.00057097690119 
          3.71357355621109           0.00061209227870 
          3.80414852099672           0.00047853472983 
          3.89472348578236           0.00039267615314 
          3.98529845056799           0.00032605792597 
          4.07587341535363           0.00036107179344 
          4.16644838013927           0.00025230166422 
          4.25702334492490           0.00025168570664 
          4.34759830971054           0.00017590251173 
          4.43817327449618           0.00021834976582 
          4.52874823928181           0.00017207535526 
          4.61932320406745           0.00013990215719 
          4.70989816885309           0.00015078836623 
          4.80047313363872           0.00012879984930 
          4.89104809842436           0.00009813352772 
          4.98162306320999           0.00009103711712 
          5.07219802799563           0.00008527289214 
          5.16277299278127           0.00006730501285 
          5.25334795756690           0.00005941372682 
          5.34392292235254           0.00006686826107 
          5.43449788713817           0.00004670008991 
          5.52507285192381           0.00004719143902 
          5.61564781670945           0.00004701151216 
          5.70622278149508           0.00003876249146 
          5.79679774628072           0.00004381714434 
          5.88737271106636           0.00003704942114 
          5.97794767585199           0.00003179695799 
          6.06852264063763           0.00002727504054 
