          0.09438463733182          64.21833049059728 
          0.18876927466365          10.76154943667758 
          0.28315391199547           1.73273356642795 
          0.37753854932730           0.64744966088181 
          0.47192318665912           0.63236341033930 
          0.56630782399095           0.10570501087642 
          0.66069246132277           0.07368321026709 
          0.75507709865460           0.05395150876155 
          0.84946173598642           0.03796018925747 
          0.94384637331825           0.03201620095162 
          1.03823101065007           0.01713234251396 
          1.13261564798190           0.01180180352448 
          1.22700028531372           0.00864914347396 
          1.32138492264555           0.00934199172001 
          1.41576955997737           0.00667976910624 
          1.51015419730920           0.00840170705501 
          1.60453883464102           0.00592278619978 
          1.69892347197285           0.00439003676655 
          1.79330810930467           0.00456256182731 
          1.88769274663650           0.00324495274087 
          1.98207738396832           0.00329217850521 
          2.07646202130015           0.00201118584164 
          2.17084665863197           0.00265944042748 
          2.26523129596380           0.00148644477394 
          2.35961593329562           0.00220019333434 
          2.45400057062745           0.00244676229292 
          2.54838520795927           0.00219385839903 
          2.64276984529110           0.00122653326853 
          2.73715448262292           0.00188065921236 
          2.83153911995475           0.00129703865257 
          2.92592375728657           0.00120109172389 
          3.02030839461840           0.00130693088876 
          3.11469303195022           0.00094351093580 
          3.20907766928205           0.00074121044980 
          3.30346230661387           0.00082827345905 
          3.39784694394570           0.00075466844426 
          3.49223158127752           0.00066034650928 
          3.58661621860935           0.00067304290504 
          3.68100085594117           0.00045472429324 
          3.77538549327300           0.00055970605777 
          3.86977013060482           0.00048455782711 
          3.96415476793665           0.00037932547129 
          4.05853940526847           0.00045636861318 
          4.15292404260030           0.00029000870131 
          4.24730867993212           0.00032800584978 
          4.34169331726395           0.00029991731812 
          4.43607795459577           0.00023769163773 
          4.53046259192760           0.00026433726335 
          4.62484722925942           0.00016836417469 
          4.71923186659125           0.00021062117394 
          4.81361650392307           0.00015152684754 
          4.90800114125490           0.00012465649428 
          5.00238577858672           0.00012421220944 
          5.09677041591855           0.00012038361848 
          5.19115505325037           0.00010752949260 
          5.28553969058220           0.00006795643622 
          5.37992432791402           0.00007100909334 
          5.47430896524585           0.00005686296088 
          5.56869360257767           0.00005862662731 
          5.66307823990950           0.00004719591316 
          5.75746287724132           0.00004290465303 
          5.85184751457315           0.00003883424815 
          5.94623215190497           0.00003382017097 
          6.04061678923680           0.00002948398296 
          6.13500142656862           0.00003211278437 
