          0.09538766217063          85.51704686181338 
          0.19077532434127           7.60740783130249 
          0.28616298651190           2.64561646290374 
          0.38155064868253           0.33692927057267 
          0.47693831085316           0.54292440984782 
          0.57232597302380           0.20472950072329 
          0.66771363519443           0.09126909820357 
          0.76310129736506           0.07978828779196 
          0.85848895953570           0.04146743217300 
          0.95387662170633           0.02626190416026 
          1.04926428387696           0.01967675011446 
          1.14465194604759           0.01717199652892 
          1.24003960821823           0.01358017446582 
          1.33542727038886           0.01044508696325 
          1.43081493255949           0.00659672270866 
          1.52620259473013           0.00699915024793 
          1.62159025690076           0.00538276379910 
          1.71697791907139           0.00555244924976 
          1.81236558124202           0.00381959429038 
          1.90775324341266           0.00428349070145 
          2.00314090558329           0.00441064789287 
          2.09852856775392           0.00260539371890 
          2.19391622992456           0.00243594038108 
          2.28930389209519           0.00244814185034 
          2.38469155426582           0.00144031978195 
          2.48007921643645           0.00186933117787 
          2.57546687860709           0.00165084133039 
          2.67085454077772           0.00184818455689 
          2.76624220294835           0.00126501618198 
          2.86162986511899           0.00140453447889 
          2.95701752728962           0.00114845262529 
          3.05240518946025           0.00115329710170 
          3.14779285163088           0.00114049188471 
          3.24318051380152           0.00075073461525 
          3.33856817597215           0.00089776985561 
          3.43395583814278           0.00078562573508 
          3.52934350031342           0.00077159664335 
          3.62473116248405           0.00064124480683 
          3.72011882465468           0.00072884767640 
          3.81550648682531           0.00050157611958 
          3.91089414899595           0.00052139595323 
          4.00628181116658           0.00044953804868 
          4.10166947333721           0.00043923332260 
          4.19705713550785           0.00036792317045 
          4.29244479767848           0.00033487840116 
          4.38783245984911           0.00025290072950 
          4.48322012201975           0.00026594440712 
          4.57860778419038           0.00021784981606 
          4.67399544636101           0.00019511064641 
          4.76938310853164           0.00015210629884 
          4.86477077070228           0.00016105401664 
          4.96015843287291           0.00016725211794 
          5.05554609504354           0.00012651105918 
          5.15093375721418           0.00011106771066 
          5.24632141938481           0.00007941375633 
          5.34170908155544           0.00009536656635 
          5.43709674372607           0.00007820421659 
          5.53248440589671           0.00007138361683 
          5.62787206806734           0.00005908285072 
          5.72325973023797           0.00006154473398 
          5.81864739240861           0.00004292952685 
          5.91403505457924           0.00004009398794 
          6.00942271674987           0.00004176818521 
          6.10481037892050           0.00003218622581 
