          0.09149825698529         116.03044122855667 
          0.18299651397057          14.35600188755416 
          0.27449477095586           2.18897981032864 
          0.36599302794114           0.99722378976485 
          0.45749128492643           0.19201293703036 
          0.54898954191172           0.13290711389986 
          0.64048779889700           0.13624005158112 
          0.73198605588229           0.06358409512743 
          0.82348431286757           0.04872332988928 
          0.91498256985286           0.03306774852841 
          1.00648082683815           0.01723343500828 
          1.09797908382343           0.01586826539182 
          1.18947734080872           0.01628431055685 
          1.28097559779400           0.01568578391717 
          1.37247385477929           0.00742958650517 
          1.46397211176458           0.00748000986937 
          1.55547036874986           0.00834935125139 
          1.64696862573515           0.00514623172798 
          1.73846688272043           0.00434317230719 
          1.82996513970572           0.00281490034571 
          1.92146339669101           0.00400878025064 
          2.01296165367629           0.00246473402305 
          2.10445991066158           0.00255844597524 
          2.19595816764686           0.00214463320998 
          2.28745642463215           0.00237305361960 
          2.37895468161743           0.00196881194479 
          2.47045293860272           0.00249491340923 
          2.56195119558801           0.00155958041373 
          2.65344945257329           0.00162950426181 
          2.74494770955858           0.00145715260184 
          2.83644596654386           0.00109282923920 
          2.92794422352915           0.00125508501915 
          3.01944248051444           0.00125272569026 
          3.11094073749972           0.00096620775278 
          3.20243899448501           0.00100874085286 
          3.29393725147029           0.00068799215329 
          3.38543550845558           0.00069063321827 
          3.47693376544087           0.00050791126691 
          3.56843202242615           0.00071100551036 
          3.65993027941144           0.00048402749018 
          3.75142853639672           0.00045847441763 
          3.84292679338201           0.00043412461909 
          3.93442505036730           0.00029933746231 
          4.02592330735258           0.00031231499472 
          4.11742156433787           0.00033981080936 
          4.20891982132315           0.00026173018201 
          4.30041807830844           0.00028539551112 
          4.39191633529373           0.00024600389701 
          4.48341459227901           0.00020232612972 
          4.57491284926430           0.00016644924003 
          4.66641110624958           0.00012665443548 
          4.75790936323487           0.00016202765613 
          4.84940762022016           0.00011534271291 
          4.94090587720544           0.00009348034121 
          5.03240413419073           0.00009031928467 
          5.12390239117601           0.00008595213277 
          5.21540064816130           0.00007292715028 
          5.30689890514659           0.00006818578704 
          5.39839716213187           0.00006925073132 
          5.48989541911716           0.00004860678704 
          5.58139367610244           0.00004873452446 
          5.67289193308773           0.00004126641040 
          5.76439019007301           0.00003411931781 
          5.85588844705830           0.00003561919745 
          5.94738670404359           0.00002864940018 
          6.03888496102887           0.00002730286470 
          6.13038321801416           0.00002802995527 
