          0.09962240854891       46921.12785226431900 
          0.19924481709781         208.94878859426447 
          0.29886722564672          95.77592342059553 
          0.39848963419563           6.05758184107026 
          0.49811204274454           2.92980645275307 
          0.59773445129344           0.70955005159176 
          0.69735685984235           0.55934748365144 
          0.79697926839126           0.23982907260246 
          0.89660167694017           0.16277875338843 
          0.99622408548907           0.15934634678931 
          1.09584649403798           0.11982568458632 
          1.19546890258689           0.05647780916987 
          1.29509131113580           0.07424688614908 
          1.39471371968470           0.02608502519864 
          1.49433612823361           0.02298773006049 
          1.59395853678252           0.01778062950588 
          1.69358094533143           0.01482086147018 
          1.79320335388033           0.01898097516403 
          1.89282576242924           0.01306260486094 
          1.99244817097815           0.01202330991336 
          2.09207057952705           0.00892369580196 
          2.19169298807596           0.00867010408715 
          2.29131539662487           0.00904041314651 
          2.39093780517378           0.00606688532476 
          2.49056021372268           0.00707734083622 
          2.59018262227159           0.00592320073128 
          2.68980503082050           0.00364561947280 
          2.78942743936941           0.00458082296156 
          2.88904984791831           0.00328959373048 
          2.98867225646722           0.00285959204864 
          3.08829466501613           0.00225331583008 
          3.18791707356504           0.00267145834260 
          3.28753948211394           0.00237406996357 
          3.38716189066285           0.00209978924866 
          3.48678429921176           0.00251322572648 
          3.58640670776066           0.00175190633814 
          3.68602911630957           0.00156358304933 
          3.78565152485848           0.00158251181778 
          3.88527393340739           0.00126947926401 
          3.98489634195629           0.00119717655699 
          4.08451875050520           0.00113217878092 
          4.18414115905411           0.00086323533698 
          4.28376356760302           0.00085230572810 
          4.38338597615192           0.00083464269815 
          4.48300838470083           0.00088409947404 
          4.58263079324974           0.00086042363826 
          4.68225320179865           0.00073726573517 
          4.78187561034755           0.00062906175572 
          4.88149801889646           0.00055271412780 
          4.98112042744537           0.00062561915680 
          5.08074283599427           0.00058835609840 
          5.18036524454318           0.00043476565046 
          5.27998765309209           0.00052430198284 
          5.37961006164100           0.00040894366747 
          5.47923247018990           0.00038620678326 
          5.57885487873881           0.00045176263852 
          5.67847728728772           0.00024497298568 
          5.77809969583663           0.00029130692855 
          5.87772210438553           0.00037147339834 
          5.97734451293444           0.00030007873262 
          6.07696692148335           0.00031650526498 
