          0.09438463733182       32048.62668395016200 
          0.18876927466365          30.90925808894499 
          0.28315391199547          18.02456986705442 
          0.37753854932730           1.91375134829491 
          0.47192318665912           1.27212934218947 
          0.56630782399095           0.52100053793187 
          0.66069246132277           0.31164200427507 
          0.75507709865460           0.23787125772498 
          0.84946173598642           0.14698102948418 
          0.94384637331825           0.08343342447912 
          1.03823101065007           0.05620912430287 
          1.13261564798190           0.05312544000277 
          1.22700028531372           0.04936149964680 
          1.32138492264555           0.02778511063817 
          1.41576955997737           0.02371049446073 
          1.51015419730920           0.01478627304482 
          1.60453883464102           0.01270562220335 
          1.69892347197285           0.00908357896007 
          1.79330810930467           0.00754962868674 
          1.88769274663650           0.01048860758570 
          1.98207738396832           0.00640423729355 
          2.07646202130015           0.00761483206701 
          2.17084665863197           0.00478690111762 
          2.26523129596380           0.00532581977323 
          2.35961593329562           0.00459216906354 
          2.45400057062745           0.00415789724948 
          2.54838520795927           0.00315036336834 
          2.64276984529110           0.00256024679392 
          2.73715448262292           0.00313361724188 
          2.83153911995475           0.00317713730295 
          2.92592375728657           0.00221329434292 
          3.02030839461840           0.00184342921683 
          3.11469303195022           0.00213429851135 
          3.20907766928205           0.00156448631151 
          3.30346230661387           0.00132159995377 
          3.39784694394570           0.00124603459056 
          3.49223158127752           0.00132661132180 
          3.58661621860935           0.00117832144831 
          3.68100085594117           0.00087822624881 
          3.77538549327300           0.00093035211677 
          3.86977013060482           0.00082873199813 
          3.96415476793665           0.00071074785229 
          4.05853940526847           0.00085720308965 
          4.15292404260030           0.00075064617627 
          4.24730867993212           0.00062683474784 
          4.34169331726395           0.00054044628896 
          4.43607795459577           0.00046055840240 
          4.53046259192760           0.00046889312860 
          4.62484722925942           0.00045579176263 
          4.71923186659125           0.00040278446275 
          4.81361650392307           0.00030164310180 
          4.90800114125490           0.00031175330238 
          5.00238577858672           0.00030049298744 
          5.09677041591855           0.00026449642202 
          5.19115505325037           0.00025297948766 
          5.28553969058220           0.00021674514502 
          5.37992432791402           0.00017350905130 
          5.47430896524585           0.00018476837852 
          5.56869360257767           0.00015423244404 
          5.66307823990950           0.00014726489707 
          5.75746287724132           0.00014367131007 
          5.85184751457315           0.00013908667509 
          5.94623215190497           0.00012169304416 
          6.04061678923680           0.00012376957062 
          6.13500142656862           0.00009928344232 
