          0.09852885850995       43985.85092260350200 
          0.19705771701990         101.54551485254439 
          0.29558657552985          62.19081052272911 
          0.39411543403980           4.78626430335170 
          0.49264429254976           3.85721028382520 
          0.59117315105971           0.55332704697977 
          0.68970200956966           0.56269842082719 
          0.78823086807961           0.44400641039630 
          0.88675972658956           0.32266488338586 
          0.98528858509951           0.09482219736881 
          1.08381744360946           0.10274957153202 
          1.18234630211941           0.07616102994468 
          1.28087516062937           0.04865662590865 
          1.37940401913932           0.03972086694435 
          1.47793287764927           0.02877498118700 
          1.57646173615922           0.01731201052870 
          1.67499059466917           0.02036205470789 
          1.77351945317912           0.01750772217024 
          1.87204831168907           0.01304003988270 
          1.97057717019902           0.01294051297662 
          2.06910602870897           0.01091428879649 
          2.16763488721893           0.00715027895661 
          2.26616374572888           0.00773329180163 
          2.36469260423883           0.00406662928094 
          2.46322146274878           0.00378516515572 
          2.56175032125873           0.00362691041277 
          2.66027917976868           0.00400680338295 
          2.75880803827863           0.00361680364318 
          2.85733689678858           0.00359306770841 
          2.95586575529853           0.00270870464650 
          3.05439461380849           0.00212705701644 
          3.15292347231844           0.00237482930133 
          3.25145233082839           0.00187940765603 
          3.34998118933834           0.00173925580943 
          3.44851004784829           0.00098764306203 
          3.54703890635824           0.00164357895602 
          3.64556776486819           0.00150804178276 
          3.74409662337814           0.00126148842965 
          3.84262548188810           0.00127236776637 
          3.94115434039805           0.00105112121160 
          4.03968319890800           0.00125080391658 
          4.13821205741795           0.00085357646180 
          4.23674091592790           0.00090870811579 
          4.33526977443785           0.00070283572221 
          4.43379863294780           0.00071197227758 
          4.53232749145775           0.00064705983994 
          4.63085634996771           0.00055214389470 
          4.72938520847766           0.00055706510989 
          4.82791406698761           0.00038609170287 
          4.92644292549756           0.00042191007993 
          5.02497178400751           0.00046596704520 
          5.12350064251746           0.00043881618263 
          5.22202950102741           0.00040822706276 
          5.32055835953736           0.00027940147795 
          5.41908721804731           0.00031681427743 
          5.51761607655727           0.00031396373784 
          5.61614493506722           0.00022301769272 
          5.71467379357717           0.00020045524617 
          5.81320265208712           0.00020680732587 
          5.91173151059707           0.00017287814060 
          6.01026036910702           0.00022331027312 
          6.10878922761697           0.00024500553765 
