          0.02311014163300        4003.52824667676760 
          0.04622028326600         190.97285969111667 
          0.06933042489899         223.15657310427756 
          0.09244056653199         175.23844688321864 
          0.11555070816499          45.09407975798968 
          0.13866084979799          61.21900384588062 
          0.16177099143099          22.09364519574638 
          0.18488113306399          22.46689637804153 
          0.20799127469698          15.72601688837820 
          0.23110141632998           7.61637049361267 
          0.25421155796298           8.52555836001067 
          0.27732169959598           4.10307814380313 
          0.30043184122898           3.28287684990864 
          0.32354198286198           2.52595638629275 
          0.34665212449497           1.90905417614160 
          0.36976226612797           1.43952627649436 
          0.39287240776097           1.16944685399813 
          0.41598254939397           0.58743459679197 
          0.43909269102697           0.96539604615101 
          0.46220283265997           0.69856389316184 
          0.48531297429296           0.44891739177056 
          0.50842311592596           0.48983985863567 
          0.53153325755896           0.29553213157396 
          0.55464339919196           0.30148776705141 
          0.57775354082496           0.27811409925396 
          0.60086368245796           0.22027249570969 
          0.62397382409095           0.21923551757797 
          0.64708396572395           0.15396829599425 
          0.67019410735695           0.18592446480535 
          0.69330424898995           0.14790640987468 
          0.71641439062295           0.09654774566256 
          0.73952453225595           0.10461786418667 
          0.76263467388895           0.07913413552530 
          0.78574481552194           0.07932320576580 
          0.80885495715494           0.07184743458416 
          0.83196509878794           0.06723058557470 
          0.85507524042094           0.04999780251134 
          0.87818538205394           0.05864432310028 
          0.90129552368693           0.04577553425297 
          0.92440566531993           0.05390301611685 
          0.94751580695293           0.04938382549364 
          0.97062594858593           0.03887941003449 
          0.99373609021893           0.03147418802483 
          1.01684623185193           0.02915960452502 
          1.03995637348492           0.03306338224121 
          1.06306651511792           0.03061115365494 
          1.08617665675092           0.03119610615385 
          1.10928679838392           0.02317687503527 
          1.13239694001692           0.02399207972142 
          1.15550708164992           0.01913548924436 
          1.17861722328291           0.01756809409452 
          1.20172736491591           0.01812983302079 
          1.22483750654891           0.01821727068285 
          1.24794764818191           0.01433971234737 
          1.27105778981491           0.01679536174338 
          1.29416793144791           0.01546367586699 
          1.31727807308090           0.01308318932611 
          1.34038821471390           0.01499105877133 
          1.36349835634690           0.01185212110621 
          1.38660849797990           0.01306279459180 
          1.40971863961290           0.01067303783088 
          1.43282878124590           0.01070111290306 
          1.45593892287890           0.00842966902867 
          1.47904906451189           0.01042900564536 
          1.50215920614489           0.00991841917603 
          1.52526934777789           0.00828573655815 
          1.54837948941089           0.00790596527080 
          1.57148963104389           0.00826406631006 
          1.59459977267688           0.00729678811910 
          1.61770991430988           0.00752895661367 
          1.64082005594288           0.00785151633797 
          1.66393019757588           0.00690486264194 
          1.68704033920888           0.00651256151208 
          1.71015048084188           0.00654997142125 
          1.73326062247487           0.00582337439524 
          1.75637076410787           0.00555839253492 
          1.77948090574087           0.00543567588215 
          1.80259104737387           0.00537742743541 
          1.82570118900687           0.00491207462259 
          1.84881133063987           0.00495730094902 
          1.87192147227286           0.00516199336578 
          1.89503161390586           0.00407216995258 
          1.91814175553886           0.00442300225671 
          1.94125189717186           0.00403598907635 
          1.96436203880486           0.00431285891442 
          1.98747218043786           0.00371134000865 
          2.01058232207085           0.00360615454881 
          2.03369246370385           0.00423307492566 
          2.05680260533685           0.00374450144959 
          2.07991274696985           0.00362510104838 
          2.10302288860285           0.00316261186795 
          2.12613303023585           0.00337818919243 
          2.14924317186884           0.00317730616416 
          2.17235331350184           0.00363690730730 
          2.19546345513484           0.00382318656779 
          2.21857359676784           0.00278966114027 
          2.24168373840084           0.00338342666433 
          2.26479388003384           0.00283472640263 
          2.28790402166684           0.00290484645795 
          2.31101416329983           0.00296364746356 
          2.33412430493283           0.00269847499777 
          2.35723444656583           0.00252482365832 
          2.38034458819883           0.00264227908655 
          2.40345472983183           0.00268111975086 
          2.42656487146483           0.00257259677647 
          2.44967501309782           0.00231536410280 
          2.47278515473082           0.00284729168619 
          2.49589529636382           0.00264075417308 
          2.51900543799682           0.00248395196290 
          2.54211557962982           0.00215964844779 
          2.56522572126281           0.00219999283885 
          2.58833586289581           0.00207711405371 
          2.61144600452881           0.00221740501501 
          2.63455614616181           0.00230680006623 
          2.65766628779481           0.00195715444101 
          2.68077642942781           0.00230419602110 
          2.70388657106080           0.00210042548004 
          2.72699671269380           0.00192556888784 
          2.75010685432680           0.00188148603183 
          2.77321699595980           0.00207917772421 
          2.79632713759280           0.00206678513618 
          2.81943727922580           0.00211859604572 
          2.84254742085879           0.00189563252513 
          2.86565756249179           0.00184727935884 
          2.88876770412479           0.00151770329422 
          2.91187784575779           0.00175922140800 
          2.93498798739079           0.00196967515520 
          2.95809812902379           0.00179009669519 
          2.98120827065678           0.00168999648424 
          3.00431841228978           0.00171493175175 
          3.02742855392278           0.00187267459815 
          3.05053869555578           0.00177058274285 
          3.07364883718878           0.00152537459808 
          3.09675897882178           0.00179664309538 
