          0.02287456424632        7368.72631154140440 
          0.04574912849264        1290.38148272033100 
          0.06862369273896         217.97681472974980 
          0.09149825698529         123.15564561518897 
          0.11437282123161          34.36424389854696 
          0.13724738547793          31.70273559834089 
          0.16012194972425          29.74495700478466 
          0.18299651397057          14.83954517895109 
          0.20587107821689          12.14233460436006 
          0.22874564246321           7.39034761071681 
          0.25162020670954           6.47259813243246 
          0.27449477095586           5.18682678465678 
          0.29736933520218           2.56558013717534 
          0.32024389944850           3.23121523468944 
          0.34311846369482           2.17717324491360 
          0.36599302794114           2.39502468093488 
          0.38886759218747           1.20811964956266 
          0.41174215643379           1.27234112163676 
          0.43461672068011           0.86907553058343 
          0.45749128492643           0.49079451118920 
          0.48036584917275           0.64071730049565 
          0.50324041341907           0.67759036438410 
          0.52611497766539           0.34911669430950 
          0.54898954191172           0.35042273828390 
          0.57186410615804           0.24876606823048 
          0.59473867040436           0.23853463015052 
          0.61761323465068           0.24378033094366 
          0.64048779889700           0.19484768308368 
          0.66336236314332           0.14592469245387 
          0.68623692738964           0.14096730025342 
          0.70911149163597           0.12030521539126 
          0.73198605588229           0.13790638018877 
          0.75486062012861           0.12078317080151 
          0.77773518437493           0.07812196828835 
          0.80060974862125           0.06747646274678 
          0.82348431286757           0.08773139937912 
          0.84635887711390           0.06218730757055 
          0.86923344136022           0.06035291093248 
          0.89210800560654           0.05580555705999 
          0.91498256985286           0.03997474573000 
          0.93785713409918           0.05048343811326 
          0.96073169834550           0.04686516224869 
          0.98360626259182           0.03706934601059 
          1.00648082683815           0.02962174165031 
          1.02935539108447           0.03069331082011 
          1.05222995533079           0.02743547658743 
          1.07510451957711           0.02894320205946 
          1.09797908382343           0.02843978384036 
          1.12085364806975           0.02392785995353 
          1.14372821231607           0.02867511248865 
          1.16660277656240           0.02150012766226 
          1.18947734080872           0.01537039613188 
          1.21235190505504           0.01902837796505 
          1.23522646930136           0.01840238036915 
          1.25810103354768           0.01777706501991 
          1.28097559779400           0.01372382035190 
          1.30385016204032           0.01733821084169 
          1.32672472628665           0.01371220331432 
          1.34959929053297           0.01369980665290 
          1.37247385477929           0.01328532071735 
          1.39534841902561           0.01239194799176 
          1.41822298327193           0.01221838863155 
          1.44109754751825           0.01197315433044 
          1.46397211176458           0.01087050756648 
          1.48684667601090           0.01004248883754 
          1.50972124025722           0.00954698174001 
          1.53259580450354           0.00921623271243 
          1.55547036874986           0.00830619160616 
          1.57834493299618           0.01048882820201 
          1.60121949724250           0.00826293125063 
          1.62409406148883           0.00702707202066 
          1.64696862573515           0.00889789654860 
          1.66984318998147           0.00837253612247 
          1.69271775422779           0.00650000720913 
          1.71559231847411           0.00589672062048 
          1.73846688272043           0.00646382340298 
          1.76134144696675           0.00618936939811 
          1.78421601121308           0.00574025687962 
          1.80709057545940           0.00500268314912 
          1.82996513970572           0.00598291672241 
          1.85283970395204           0.00449990971958 
          1.87571426819836           0.00530328174777 
          1.89858883244468           0.00470640499451 
          1.92146339669101           0.00488676733091 
          1.94433796093733           0.00452958365302 
          1.96721252518365           0.00468570207676 
          1.99008708942997           0.00438959208196 
          2.01296165367629           0.00462564696667 
          2.03583621792261           0.00418809736829 
          2.05871078216893           0.00422806358751 
          2.08158534641526           0.00414610861163 
          2.10445991066158           0.00368687940999 
          2.12733447490790           0.00354646987675 
          2.15020903915422           0.00382123444872 
          2.17308360340054           0.00365779664003 
          2.19595816764686           0.00352340881769 
          2.21883273189318           0.00333181462952 
          2.24170729613951           0.00297079702935 
          2.26458186038583           0.00270597019338 
          2.28745642463215           0.00308925016396 
          2.31033098887847           0.00313310814975 
          2.33320555312479           0.00309645514980 
          2.35608011737111           0.00305706994267 
          2.37895468161743           0.00282936206041 
          2.40182924586376           0.00259613826343 
          2.42470381011008           0.00274893272018 
          2.44757837435640           0.00260848967060 
          2.47045293860272           0.00253287472105 
          2.49332750284904           0.00242611726586 
          2.51620206709536           0.00227973393835 
          2.53907663134169           0.00260509390410 
          2.56195119558801           0.00232786400970 
          2.58482575983433           0.00247740131118 
          2.60770032408065           0.00225105178490 
          2.63057488832697           0.00227830004366 
          2.65344945257329           0.00222217238240 
          2.67632401681961           0.00218205712049 
          2.69919858106594           0.00241704346285 
          2.72207314531226           0.00265733598582 
          2.74494770955858           0.00216472836503 
          2.76782227380490           0.00221023096882 
          2.79069683805122           0.00211117191174 
          2.81357140229754           0.00211470139542 
          2.83644596654386           0.00210615381839 
          2.85932053079019           0.00200020875515 
          2.88219509503651           0.00169973005631 
          2.90506965928283           0.00198156638453 
          2.92794422352915           0.00201105159566 
          2.95081878777547           0.00189422032006 
          2.97369335202179           0.00223237218987 
          2.99656791626811           0.00158035702247 
          3.01944248051444           0.00173797844391 
          3.04231704476076           0.00182868987824 
          3.06519160900708           0.00201720905946 
          3.08806617325340           0.00175632512968 
          3.11094073749972           0.00168682721275 
