          0.02359615933296         916.86838104840626 
          0.04719231866591        3464.48049902757750 
          0.07078847799887         406.57924848409920 
          0.09438463733182         150.76608326953092 
          0.11798079666478         236.46567631515805 
          0.14157695599774          66.23123978061638 
          0.16517311533069          47.61150647143070 
          0.18876927466365          20.45795426532130 
          0.21236543399661          16.03270540271213 
          0.23596159332956          11.31825453766856 
          0.25955775266252          10.02173625056855 
          0.28315391199547           6.52635317802422 
          0.30675007132843           4.45909500789771 
          0.33034623066139           4.31572844696587 
          0.35394238999434           1.96265820999586 
          0.37753854932730           2.01683302868663 
          0.40113470866026           0.95261518399317 
          0.42473086799321           0.74135874199927 
          0.44832702732617           0.88290162503613 
          0.47192318665912           0.61286354509419 
          0.49551934599208           0.72662678555717 
          0.51911550532504           0.60988783350123 
          0.54271166465799           0.35955429790384 
          0.56630782399095           0.25999611008161 
          0.58990398332391           0.30111108018268 
          0.61350014265686           0.23741200990944 
          0.63709630198982           0.21970666168912 
          0.66069246132277           0.15434806787188 
          0.68428862065573           0.18993637458529 
          0.70788477998869           0.14427113133709 
          0.73148093932164           0.12413677807568 
          0.75507709865460           0.08454442861988 
          0.77867325798756           0.07147358706567 
          0.80226941732051           0.07924455349198 
          0.82586557665347           0.08084231013450 
          0.84946173598642           0.06677669149518 
          0.87305789531938           0.05807038626718 
          0.89665405465234           0.06340741311494 
          0.92025021398529           0.05224984137551 
          0.94384637331825           0.03925382094258 
          0.96744253265121           0.05321655580009 
          0.99103869198416           0.03920403993374 
          1.01463485131712           0.03743185713465 
          1.03823101065007           0.03140327338512 
          1.06182716998303           0.03055006484392 
          1.08542332931599           0.02727001488817 
          1.10901948864894           0.02644641405059 
          1.13261564798190           0.02763397057221 
          1.15621180731486           0.02392574151139 
          1.17980796664781           0.01968135257181 
          1.20340412598077           0.02206883836621 
          1.22700028531372           0.01865199250486 
          1.25059644464668           0.01735730938111 
          1.27419260397964           0.01301689817793 
          1.29778876331259           0.01575705932188 
          1.32138492264555           0.01209306118583 
          1.34498108197851           0.01464794013159 
          1.36857724131146           0.01296755006356 
          1.39217340064442           0.01414990723857 
          1.41576955997737           0.01148685333784 
          1.43936571931033           0.01176660462609 
          1.46296187864329           0.01149031988692 
          1.48655803797624           0.01081349619287 
          1.51015419730920           0.01072205046514 
          1.53375035664216           0.00967493986996 
          1.55734651597511           0.00927959539084 
          1.58094267530807           0.00956287945123 
          1.60453883464102           0.00903280225964 
          1.62813499397398           0.00789796979799 
          1.65173115330694           0.00794805981778 
          1.67532731263989           0.00691514401164 
          1.69892347197285           0.00880480896455 
          1.72251963130581           0.00662182745860 
          1.74611579063876           0.00653729911172 
          1.76971194997172           0.00581228230254 
          1.79330810930467           0.00618356155909 
          1.81690426863763           0.00489689955862 
          1.84050042797059           0.00468458376437 
          1.86409658730354           0.00610101301770 
          1.88769274663650           0.00550253399425 
          1.91128890596946           0.00451892827483 
          1.93488506530241           0.00539921074352 
          1.95848122463537           0.00449683854602 
          1.98207738396832           0.00470418258561 
          2.00567354330128           0.00462266139966 
          2.02926970263424           0.00403805467363 
          2.05286586196719           0.00447685275393 
          2.07646202130015           0.00432731012096 
          2.10005818063311           0.00417895346694 
          2.12365433996606           0.00371948565095 
          2.14725049929902           0.00385771516936 
          2.17084665863197           0.00396985292944 
          2.19444281796493           0.00348192391581 
          2.21803897729789           0.00406591319199 
          2.24163513663084           0.00369743893335 
          2.26523129596380           0.00360310483102 
          2.28882745529675           0.00355137987267 
          2.31242361462971           0.00364152555309 
          2.33601977396267           0.00313757112815 
          2.35961593329562           0.00367736834186 
          2.38321209262858           0.00315793609455 
          2.40680825196154           0.00310384217787 
          2.43040441129449           0.00286023992817 
          2.45400057062745           0.00277378652831 
          2.47759672996041           0.00255793472087 
          2.50119288929336           0.00280873014676 
          2.52478904862632           0.00292895394934 
          2.54838520795927           0.00309418153536 
          2.57198136729223           0.00286593293664 
          2.59557752662519           0.00271723108051 
          2.61917368595814           0.00277023154263 
          2.64276984529110           0.00243309007881 
          2.66636600462405           0.00289437150058 
          2.68996216395701           0.00223067353970 
          2.71355832328997           0.00218999358646 
          2.73715448262292           0.00258497377043 
          2.76075064195588           0.00250393296475 
          2.78434680128884           0.00234111240772 
          2.80794296062179           0.00244520609070 
          2.83153911995475           0.00283240611713 
          2.85513527928770           0.00247876487842 
          2.87873143862066           0.00215126391144 
          2.90232759795362           0.00244210655727 
          2.92592375728657           0.00233896158653 
          2.94951991661953           0.00211411813525 
          2.97311607595249           0.00215387656055 
          2.99671223528544           0.00203030848906 
          3.02030839461840           0.00232250615061 
          3.04390455395135           0.00208021388200 
          3.06750071328431           0.00213948920950 
          3.09109687261727           0.00199864569302 
