          0.02335062177486        3656.11041243579710 
          0.04670124354972         369.68378917307558 
          0.07005186532458         203.83359052385978 
          0.09340248709944         142.34716954808246 
          0.11675310887430          70.66705435792639 
          0.14010373064917          49.81157852314508 
          0.16345435242403          40.85194771426180 
          0.18680497419889          26.52963627141551 
          0.21015559597375          18.56492890945339 
          0.23350621774861          10.44512746223852 
          0.25685683952347           7.52505892091710 
          0.28020746129833           5.03668090647859 
          0.30355808307319           4.03312982549925 
          0.32690870484805           3.58462241260689 
          0.35025932662291           2.81124594849897 
          0.37360994839778           1.44728088049823 
          0.39696057017264           1.45303381180290 
          0.42031119194750           1.27921990190851 
          0.44366181372236           1.02342883716403 
          0.46701243549722           0.84640062511692 
          0.49036305727208           0.89365694763206 
          0.51371367904694           0.62241365183169 
          0.53706430082180           0.42071430233357 
          0.56041492259666           0.44776163363786 
          0.58376554437152           0.34837516459117 
          0.60711616614638           0.36297109785226 
          0.63046678792125           0.23244848512504 
          0.65381740969611           0.29674841472022 
          0.67716803147097           0.22748609134770 
          0.70051865324583           0.19683976395268 
          0.72386927502069           0.12580586988882 
          0.74721989679555           0.12737951471136 
          0.77057051857041           0.16165268653655 
          0.79392114034527           0.10283353249362 
          0.81727176212013           0.08378790230189 
          0.84062238389499           0.09173057532488 
          0.86397300566986           0.08901254472938 
          0.88732362744472           0.10524431893039 
          0.91067424921958           0.08073285368610 
          0.93402487099444           0.07295004537567 
          0.95737549276930           0.07401119216244 
          0.98072611454416           0.06927077320794 
          1.00407673631902           0.06032705220488 
          1.02742735809388           0.04187056377330 
          1.05077797986874           0.04590166822970 
          1.07412860164360           0.04404287464865 
          1.09747922341847           0.04228980560900 
          1.12082984519333           0.03176591514968 
          1.14418046696819           0.03604272232655 
          1.16753108874305           0.03260581985315 
          1.19088171051791           0.03284638847109 
          1.21423233229277           0.02983295728574 
          1.23758295406763           0.02895339794348 
          1.26093357584249           0.03077499905791 
          1.28428419761735           0.02294587083536 
          1.30763481939221           0.02693626576780 
          1.33098544116707           0.02381755233192 
          1.35433606294194           0.02303707586878 
          1.37768668471680           0.02143383231215 
          1.40103730649166           0.01965373950949 
          1.42438792826652           0.01985499580014 
          1.44773855004138           0.01521779820918 
          1.47108917181624           0.01853049498522 
          1.49443979359110           0.01767591736725 
          1.51779041536596           0.01373492613285 
          1.54114103714082           0.01557878653817 
          1.56449165891568           0.01251341091588 
          1.58784228069055           0.01424232778824 
          1.61119290246541           0.01346519966159 
          1.63454352424027           0.01145856361131 
          1.65789414601513           0.01345842751790 
          1.68124476778999           0.01246076979860 
          1.70459538956485           0.01096552085254 
          1.72794601133971           0.00922599387340 
          1.75129663311457           0.00968293627128 
          1.77464725488943           0.01028161925635 
          1.79799787666429           0.01027184677085 
          1.82134849843915           0.00857230267767 
          1.84469912021402           0.00866167069482 
          1.86804974198888           0.00993545071416 
          1.89140036376374           0.00867402928259 
          1.91475098553860           0.00944350947547 
          1.93810160731346           0.00728419280604 
          1.96145222908832           0.00741878392865 
          1.98480285086318           0.00671577472917 
          2.00815347263804           0.00664577510306 
          2.03150409441290           0.00683747918878 
          2.05485471618776           0.00672138730763 
          2.07820533796263           0.00675581169981 
          2.10155595973749           0.00729279338472 
          2.12490658151235           0.00677989567886 
          2.14825720328721           0.00664939849541 
          2.17160782506207           0.00588943650622 
          2.19495844683693           0.00629404370345 
          2.21830906861179           0.00561165282541 
          2.24165969038665           0.00506911106362 
          2.26501031216151           0.00509231098616 
          2.28836093393637           0.00523514893848 
          2.31171155571124           0.00490078441846 
          2.33506217748610           0.00537507945365 
          2.35841279926096           0.00482805773488 
          2.38176342103582           0.00521783909870 
          2.40511404281068           0.00395898061725 
          2.42846466458554           0.00478690127139 
          2.45181528636040           0.00467257311644 
          2.47516590813526           0.00409452426961 
          2.49851652991012           0.00478750899397 
          2.52186715168498           0.00481077690910 
          2.54521777345984           0.00428439820446 
          2.56856839523471           0.00432747172823 
          2.59191901700957           0.00380075516983 
          2.61526963878443           0.00407675758811 
          2.63862026055929           0.00444765054882 
          2.66197088233415           0.00395374285349 
          2.68532150410901           0.00374363458684 
          2.70867212588387           0.00416718896601 
          2.73202274765873           0.00370076619980 
          2.75537336943359           0.00413114909532 
          2.77872399120845           0.00381841210325 
          2.80207461298331           0.00358449153748 
          2.82542523475818           0.00371734355218 
          2.84877585653304           0.00350296998838 
          2.87212647830790           0.00328421465786 
          2.89547710008276           0.00346591738066 
          2.91882772185762           0.00344693360628 
          2.94217834363248           0.00360716511832 
          2.96552896540734           0.00341901058251 
          2.98887958718220           0.00325762414736 
          3.01223020895706           0.00380305988411 
          3.03558083073192           0.00301584443686 
          3.05893145250679           0.00292509632776 
          3.08228207428165           0.00317687108192 
          3.10563269605651           0.00335977772675 
