          0.02384691554266      334810.15292812267000 
          0.04769383108532       25772.78909078108000 
          0.07154074662797        1380.79135854526000 
          0.09538766217063         295.81229451459365 
          0.11923457771329         164.23904235288794 
          0.14308149325595          92.25096294532452 
          0.16692840879861          51.58404781930256 
          0.19077532434127          20.20654291674347 
          0.21462223988392          20.55401773209331 
          0.23846915542658          10.90622822856522 
          0.26231607096924          12.28663865733900 
          0.28616298651190           4.40937870487844 
          0.31000990205456           2.94930934925101 
          0.33385681759722           2.85403316987852 
          0.35770373313987           1.84207132372422 
          0.38155064868253           1.95104886828512 
          0.40539756422519           1.42944363898366 
          0.42924447976785           1.12393780048580 
          0.45309139531051           0.61303634872326 
          0.47693831085316           0.41685232945481 
          0.50078522639582           0.56527629632612 
          0.52463214193848           0.42761249817502 
          0.54847905748114           0.32579727349881 
          0.57232597302380           0.35153259202568 
          0.59617288856646           0.32872129042639 
          0.62001980410911           0.25722025329676 
          0.64386671965177           0.21288899141114 
          0.66771363519443           0.16817142486392 
          0.69156055073709           0.13892067629959 
          0.71540746627975           0.13843701122276 
          0.73925438182240           0.09541442816539 
          0.76310129736506           0.10138005251168 
          0.78694821290772           0.06067214184284 
          0.81079512845038           0.07483949761049 
          0.83464204399304           0.07740137340059 
          0.85848895953570           0.05481623534832 
          0.88233587507835           0.06768301600433 
          0.90618279062101           0.04534266049313 
          0.93002970616367           0.05286569983978 
          0.95387662170633           0.04623276164683 
          0.97772353724899           0.02962341870636 
          1.00157045279165           0.03152484804826 
          1.02541736833430           0.03361676691724 
          1.04926428387696           0.03027681809942 
          1.07311119941962           0.02697760490178 
          1.09695811496228           0.01938857525376 
          1.12080503050494           0.02267790508674 
          1.14465194604759           0.02451419198466 
          1.16849886159025           0.02179986853022 
          1.19234577713291           0.01936843988744 
          1.21619269267557           0.02121749882860 
          1.24003960821823           0.01712854092987 
          1.26388652376089           0.01610464540840 
          1.28773343930354           0.01612323251419 
          1.31158035484620           0.01604837784006 
          1.33542727038886           0.01641708458870 
          1.35927418593152           0.01372926476253 
          1.38312110147418           0.01209337998326 
          1.40696801701683           0.01300609900457 
          1.43081493255949           0.01038125641320 
          1.45466184810215           0.01046704207836 
          1.47850876364481           0.01156953318333 
          1.50235567918747           0.00877023108725 
          1.52620259473013           0.00945773524094 
          1.55004951027278           0.00847766008170 
          1.57389642581544           0.00914711892438 
          1.59774334135810           0.00787449846113 
          1.62159025690076           0.00819836275207 
          1.64543717244342           0.00707397222775 
          1.66928408798608           0.00653359554765 
          1.69313100352873           0.00524957157665 
          1.71697791907139           0.00535529965371 
          1.74082483461405           0.00600583898229 
          1.76467175015671           0.00536002105319 
          1.78851866569937           0.00608801232026 
          1.81236558124202           0.00627175717894 
          1.83621249678468           0.00493500178631 
          1.86005941232734           0.00538792024699 
          1.88390632787000           0.00502842504279 
          1.90775324341266           0.00476444563969 
          1.93160015895532           0.00464799167313 
          1.95544707449797           0.00410772416908 
          1.97929399004063           0.00370008272353 
          2.00314090558329           0.00399404447064 
          2.02698782112595           0.00453951196426 
          2.05083473666861           0.00425446055815 
          2.07468165221127           0.00333325189614 
          2.09852856775392           0.00379455849829 
          2.12237548329658           0.00349308405450 
          2.14622239883924           0.00308323752876 
          2.17006931438190           0.00310809640060 
          2.19391622992456           0.00351734219700 
          2.21776314546721           0.00311548972950 
          2.24161006100987           0.00358352986384 
          2.26545697655253           0.00306075348873 
          2.28930389209519           0.00277878963253 
          2.31315080763785           0.00284779347153 
          2.33699772318051           0.00279857411181 
          2.36084463872316           0.00284220996887 
          2.38469155426582           0.00265524108250 
          2.40853846980848           0.00265148512690 
          2.43238538535114           0.00224812433934 
          2.45623230089380           0.00271607856248 
          2.48007921643645           0.00280034829214 
          2.50392613197911           0.00233179673004 
          2.52777304752177           0.00260695517626 
          2.55161996306443           0.00261235256576 
          2.57546687860709           0.00253184630804 
          2.59931379414975           0.00220864879796 
          2.62316070969240           0.00206443576841 
          2.64700762523506           0.00215804268482 
          2.67085454077772           0.00198750846209 
          2.69470145632038           0.00221762721892 
          2.71854837186304           0.00267295382163 
          2.74239528740570           0.00243443927220 
          2.76624220294835           0.00198558892747 
          2.79008911849101           0.00197010186907 
          2.81393603403367           0.00207849260587 
          2.83778294957633           0.00214009697618 
          2.86162986511899           0.00246010588544 
          2.88547678066164           0.00218700945883 
          2.90932369620430           0.00212166815073 
          2.93317061174696           0.00202515439203 
          2.95701752728962           0.00194806081480 
          2.98086444283228           0.00179202114403 
          3.00471135837494           0.00192767304895 
          3.02855827391759           0.00196143353946 
          3.05240518946025           0.00154400681204 
          3.07625210500291           0.00179290127229 
          3.10009902054557           0.00163284224275 
