          0.09852885850995       47468.93803509281900 
          0.19705771701990         228.96029544359087 
          0.29558657552985          80.37024238884898 
          0.39411543403980          21.16298550734633 
          0.49264429254976           6.54693863427454 
          0.59117315105971           2.58934738537948 
          0.68970200956966           1.56241323499682 
          0.78823086807961           0.38423532946781 
          0.88675972658956           0.40893828280299 
          0.98528858509951           0.23478365097952 
          1.08381744360946           0.12516187415319 
          1.18234630211941           0.10157230765835 
          1.28087516062937           0.09325815807074 
          1.37940401913932           0.04823386682445 
          1.47793287764927           0.02375079863235 
          1.57646173615922           0.02123861395939 
          1.67499059466917           0.03017185134549 
          1.77351945317912           0.01954735570327 
          1.87204831168907           0.01281840164479 
          1.97057717019902           0.01546087941699 
          2.06910602870897           0.01402543632625 
          2.16763488721893           0.01218673144586 
          2.26616374572888           0.00783766723260 
          2.36469260423883           0.00823461575673 
          2.46322146274878           0.00786926751457 
          2.56175032125873           0.00626060634249 
          2.66027917976868           0.00528565313943 
          2.75880803827863           0.00392241400012 
          2.85733689678858           0.00292614429292 
          2.95586575529853           0.00277165250918 
          3.05439461380849           0.00254912399094 
          3.15292347231844           0.00245142890335 
          3.25145233082839           0.00275725853481 
          3.34998118933834           0.00230248421577 
          3.44851004784829           0.00138736276457 
          3.54703890635824           0.00195954216708 
          3.64556776486819           0.00173900401759 
          3.74409662337814           0.00164075296426 
          3.84262548188810           0.00141835527039 
          3.94115434039805           0.00119841662341 
          4.03968319890800           0.00151437355461 
          4.13821205741795           0.00110197624797 
          4.23674091592790           0.00096110938944 
          4.33526977443785           0.00088291909618 
          4.43379863294780           0.00082138990374 
          4.53232749145775           0.00069697292549 
          4.63085634996771           0.00071384091526 
          4.72938520847766           0.00058454861698 
          4.82791406698761           0.00049655839909 
          4.92644292549756           0.00051032679731 
          5.02497178400751           0.00043948510267 
          5.12350064251746           0.00044633982471 
          5.22202950102741           0.00040602088608 
          5.32055835953736           0.00035273963065 
          5.41908721804731           0.00031877350659 
          5.51761607655727           0.00029119009021 
          5.61614493506722           0.00024014709272 
          5.71467379357717           0.00024966774942 
          5.81320265208712           0.00023257265864 
          5.91173151059707           0.00023529344678 
          6.01026036910702           0.00017984690730 
          6.10878922761697           0.00025512359254 
