          0.09438463733182       35356.99615343607700 
          0.18876927466365         411.23702060651283 
          0.28315391199547          34.73163358434989 
          0.37753854932730          14.23622629416914 
          0.47192318665912           3.30843809456296 
          0.56630782399095           2.91817390689912 
          0.66069246132277           0.77813361339678 
          0.75507709865460           1.05225085222049 
          0.84946173598642           0.21942301760361 
          0.94384637331825           0.13194572565155 
          1.03823101065007           0.10362481589467 
          1.13261564798190           0.08586122617994 
          1.22700028531372           0.06659847993705 
          1.32138492264555           0.05315163843055 
          1.41576955997737           0.02855226400647 
          1.51015419730920           0.03787270046499 
          1.60453883464102           0.02348476692893 
          1.69892347197285           0.01675623730795 
          1.79330810930467           0.01903706282571 
          1.88769274663650           0.01090142830051 
          1.98207738396832           0.01479784046192 
          2.07646202130015           0.01041106068629 
          2.17084665863197           0.00555571539538 
          2.26523129596380           0.00522197009445 
          2.35961593329562           0.00594902609445 
          2.45400057062745           0.00388485807294 
          2.54838520795927           0.00392753836814 
          2.64276984529110           0.00459055279623 
          2.73715448262292           0.00350835501291 
          2.83153911995475           0.00265563466313 
          2.92592375728657           0.00267451198165 
          3.02030839461840           0.00225309288228 
          3.11469303195022           0.00190522006964 
          3.20907766928205           0.00203527094612 
          3.30346230661387           0.00167969573374 
          3.39784694394570           0.00190148654740 
          3.49223158127752           0.00139249100805 
          3.58661621860935           0.00118934202447 
          3.68100085594117           0.00116238088151 
          3.77538549327300           0.00091901721667 
          3.86977013060482           0.00091400164036 
          3.96415476793665           0.00070580655217 
          4.05853940526847           0.00078179127865 
          4.15292404260030           0.00066272713785 
          4.24730867993212           0.00062070721052 
          4.34169331726395           0.00053809765334 
          4.43607795459577           0.00045124340980 
          4.53046259192760           0.00039474343157 
          4.62484722925942           0.00040643381871 
          4.71923186659125           0.00031268218222 
          4.81361650392307           0.00028942677816 
          4.90800114125490           0.00031500045240 
          5.00238577858672           0.00029351593336 
          5.09677041591855           0.00026751429693 
          5.19115505325037           0.00021168279222 
          5.28553969058220           0.00019771817271 
          5.37992432791402           0.00020378178397 
          5.47430896524585           0.00017794624471 
          5.56869360257767           0.00016098793102 
          5.66307823990950           0.00012745734110 
          5.75746287724132           0.00016009086770 
          5.85184751457315           0.00013913277839 
          5.94623215190497           0.00010699779314 
          6.04061678923680           0.00012766520823 
          6.13500142656862           0.00009627234953 
