          0.09538766217063       40506.20161302719500 
          0.19077532434127         133.11417494420931 
          0.28616298651190          24.40499390027269 
          0.38155064868253           3.07172243681481 
          0.47693831085316           1.41011884301408 
          0.57232597302380           0.61849279680194 
          0.66771363519443           0.57171382366187 
          0.76310129736506           0.33750533723435 
          0.85848895953570           0.24119722315186 
          0.95387662170633           0.12489499829574 
          1.04926428387696           0.08418613515218 
          1.14465194604759           0.11807106610283 
          1.24003960821823           0.06491654159122 
          1.33542727038886           0.04540172619115 
          1.43081493255949           0.02870474488621 
          1.52620259473013           0.03924870131915 
          1.62159025690076           0.01848041988259 
          1.71697791907139           0.01636076666310 
          1.81236558124202           0.01066414261756 
          1.90775324341266           0.01395188620464 
          2.00314090558329           0.00983311589762 
          2.09852856775392           0.00931945201513 
          2.19391622992456           0.00769394397962 
          2.28930389209519           0.00702873607537 
          2.38469155426582           0.00534915055267 
          2.48007921643645           0.00485483851617 
          2.57546687860709           0.00357641349362 
          2.67085454077772           0.00526119851985 
          2.76624220294835           0.00343944750056 
          2.86162986511899           0.00258317408607 
          2.95701752728962           0.00268889835794 
          3.05240518946025           0.00196063126273 
          3.14779285163088           0.00268120212222 
          3.24318051380152           0.00176684251546 
          3.33856817597215           0.00176656983823 
          3.43395583814278           0.00145454627912 
          3.52934350031342           0.00165015080887 
          3.62473116248405           0.00144550686157 
          3.72011882465468           0.00106420704214 
          3.81550648682531           0.00096915333766 
          3.91089414899595           0.00095249400610 
          4.00628181116658           0.00093346037899 
          4.10166947333721           0.00068260975933 
          4.19705713550785           0.00085622946324 
          4.29244479767848           0.00082413821608 
          4.38783245984911           0.00058919583003 
          4.48322012201975           0.00050682176334 
          4.57860778419038           0.00043962391551 
          4.67399544636101           0.00040345289388 
          4.76938310853164           0.00051070779100 
          4.86477077070228           0.00044744086414 
          4.96015843287291           0.00038613474779 
          5.05554609504354           0.00034056104172 
          5.15093375721418           0.00025373638777 
          5.24632141938481           0.00031982117658 
          5.34170908155544           0.00023389244451 
          5.43709674372607           0.00027902866876 
          5.53248440589671           0.00022619629360 
          5.62787206806734           0.00021286556428 
          5.72325973023797           0.00018951045636 
          5.81864739240861           0.00022891580262 
          5.91403505457924           0.00019598743973 
          6.00942271674987           0.00019205239270 
          6.10481037892050           0.00017957158654 
