          0.09340248709944       30983.42355898417400 
          0.18680497419889          54.87248066736660 
          0.28020746129833          49.81837796352838 
          0.37360994839778           4.50822425394664 
          0.46701243549722           1.47998440031404 
          0.56041492259666           0.96271687286190 
          0.65381740969611           0.53488373734038 
          0.74721989679555           0.35641888316892 
          0.84062238389499           0.17258383275049 
          0.93402487099444           0.12852257461284 
          1.02742735809388           0.11095061004308 
          1.12082984519333           0.06137331755507 
          1.21423233229277           0.05109266989603 
          1.30763481939221           0.04901881050020 
          1.40103730649166           0.04033677409403 
          1.49443979359110           0.02567604220980 
          1.58784228069055           0.02251965066391 
          1.68124476778999           0.01811919284669 
          1.77464725488943           0.01465737221512 
          1.86804974198888           0.00965846132756 
          1.96145222908832           0.00944013856834 
          2.05485471618776           0.00910811742483 
          2.14825720328721           0.00702316835077 
          2.24165969038665           0.00493544482652 
          2.33506217748610           0.00640911449446 
          2.42846466458554           0.00443378104939 
          2.52186715168498           0.00319370906571 
          2.61526963878443           0.00458703269151 
          2.70867212588387           0.00258493963862 
          2.80207461298331           0.00289948408862 
          2.89547710008276           0.00239225319776 
          2.98887958718220           0.00202797963699 
          3.08228207428165           0.00226924548448 
          3.17568456138109           0.00163336174330 
          3.26908704848053           0.00157760727978 
          3.36248953557998           0.00148783117061 
          3.45589202267942           0.00140188365674 
          3.54929450977887           0.00105876931183 
          3.64269699687831           0.00098429308997 
          3.73609948397775           0.00097252869354 
          3.82950197107720           0.00076564877645 
          3.92290445817664           0.00077002834326 
          4.01630694527609           0.00081204103097 
          4.10970943237553           0.00056663631911 
          4.20311191947497           0.00053925780936 
          4.29651440657442           0.00049507635826 
          4.38991689367386           0.00039725608907 
          4.48331938077330           0.00041606961088 
          4.57672186787275           0.00038317645710 
          4.67012435497219           0.00037676359565 
          4.76352684207164           0.00029196447342 
          4.85692932917108           0.00027461984292 
          4.95033181627052           0.00022414462799 
          5.04373430336997           0.00025798072032 
          5.13713679046941           0.00017032126329 
          5.23053927756885           0.00019875501912 
          5.32394176466830           0.00018769589219 
          5.41734425176774           0.00014245260680 
          5.51074673886719           0.00017230725707 
          5.60414922596663           0.00014229861573 
          5.69755171306607           0.00013970171126 
          5.79095420016552           0.00012639598483 
          5.88435668726496           0.00011627311922 
          5.97775917436441           0.00013246227997 
          6.07116166146385           0.00010913997908 
