          0.09149825698529       24717.87767793535700 
          0.18299651397057          64.02346065038734 
          0.27449477095586          14.25616974074192 
          0.36599302794114           6.13172998610531 
          0.45749128492643           2.13502008141450 
          0.54898954191172           0.71646045603677 
          0.64048779889700           0.47805333487259 
          0.73198605588229           0.40147097038867 
          0.82348431286757           0.15630872060136 
          0.91498256985286           0.22005592103458 
          1.00648082683815           0.12462238720420 
          1.09797908382343           0.04090234616547 
          1.18947734080872           0.04358201294253 
          1.28097559779400           0.03426906100476 
          1.37247385477929           0.02382250649437 
          1.46397211176458           0.02943666420177 
          1.55547036874986           0.02551831483572 
          1.64696862573515           0.01187001148939 
          1.73846688272043           0.00957263079826 
          1.82996513970572           0.01106203654121 
          1.92146339669101           0.00957736076589 
          2.01296165367629           0.00748931720022 
          2.10445991066158           0.00680574538252 
          2.19595816764686           0.00556467630232 
          2.28745642463215           0.00535425924001 
          2.37895468161743           0.00373511145774 
          2.47045293860272           0.00357836294023 
          2.56195119558801           0.00292506273359 
          2.65344945257329           0.00397718556425 
          2.74494770955858           0.00238918314412 
          2.83644596654386           0.00182157187093 
          2.92794422352915           0.00137330767120 
          3.01944248051444           0.00205648075689 
          3.11094073749972           0.00136501120364 
          3.20243899448501           0.00151841989206 
          3.29393725147029           0.00110845671136 
          3.38543550845558           0.00125871093577 
          3.47693376544087           0.00105526805391 
          3.56843202242615           0.00090220572637 
          3.65993027941144           0.00083849656930 
          3.75142853639672           0.00076027205233 
          3.84292679338201           0.00062855332140 
          3.93442505036730           0.00056265599998 
          4.02592330735258           0.00055421661845 
          4.11742156433787           0.00049359014638 
          4.20891982132315           0.00053033047614 
          4.30041807830844           0.00033770658007 
          4.39191633529373           0.00035970203537 
          4.48341459227901           0.00030977368548 
          4.57491284926430           0.00030829810898 
          4.66641110624958           0.00030922190971 
          4.75790936323487           0.00034232507904 
          4.84940762022016           0.00024870063764 
          4.94090587720544           0.00023296071353 
          5.03240413419073           0.00016586431800 
          5.12390239117601           0.00017992192080 
          5.21540064816130           0.00015209433261 
          5.30689890514659           0.00012348271283 
          5.39839716213187           0.00012370122106 
          5.48989541911716           0.00010751509490 
          5.58139367610244           0.00011202101102 
          5.67289193308773           0.00010175469144 
          5.76439019007301           0.00009318360159 
          5.85588844705830           0.00009820499479 
          5.94738670404359           0.00008769128757 
          6.03888496102887           0.00008561646674 
          6.13038321801416           0.00007174259212 
