          0.09962240854891       51650.31399056259400 
          0.19924481709781          70.05146256874090 
          0.29886722564672         114.94810068757073 
          0.39848963419563           9.37735474987060 
          0.49811204274454           5.39588467248332 
          0.59773445129344           1.67117161242736 
          0.69735685984235           0.77253531846011 
          0.79697926839126           0.45531093661463 
          0.89660167694017           0.49448091908872 
          0.99622408548907           0.14687543739270 
          1.09584649403798           0.18221668733990 
          1.19546890258689           0.09181973787085 
          1.29509131113580           0.06571856375301 
          1.39471371968470           0.05471074808626 
          1.49433612823361           0.03300610825342 
          1.59395853678252           0.03648116958622 
          1.69358094533143           0.03458601001535 
          1.79320335388033           0.02053986739630 
          1.89282576242924           0.01882457286104 
          1.99244817097815           0.01704252644688 
          2.09207057952705           0.01240507903005 
          2.19169298807596           0.01432491019058 
          2.29131539662487           0.00918559558490 
          2.39093780517378           0.01222066818620 
          2.49056021372268           0.00639151093414 
          2.59018262227159           0.00715740403354 
          2.68980503082050           0.00647896345451 
          2.78942743936941           0.00470085740190 
          2.88904984791831           0.00337491426080 
          2.98867225646722           0.00412861676141 
          3.08829466501613           0.00377023599524 
          3.18791707356504           0.00279284363633 
          3.28753948211394           0.00383784157221 
          3.38716189066285           0.00274804881036 
          3.48678429921176           0.00201757764902 
          3.58640670776066           0.00209074266202 
          3.68602911630957           0.00185349006360 
          3.78565152485848           0.00152264170218 
          3.88527393340739           0.00135874821125 
          3.98489634195629           0.00117217789297 
          4.08451875050520           0.00132513338812 
          4.18414115905411           0.00119882174438 
          4.28376356760302           0.00115274252557 
          4.38338597615192           0.00081584324899 
          4.48300838470083           0.00094443411464 
          4.58263079324974           0.00078438414618 
          4.68225320179865           0.00068273252181 
          4.78187561034755           0.00069453150055 
          4.88149801889646           0.00069729181624 
          4.98112042744537           0.00041952989585 
          5.08074283599427           0.00053820805763 
          5.18036524454318           0.00044569800590 
          5.27998765309209           0.00038709163868 
          5.37961006164100           0.00031168625876 
          5.47923247018990           0.00038158988577 
          5.57885487873881           0.00034212658236 
          5.67847728728772           0.00031698664574 
          5.77809969583663           0.00030134615860 
          5.87772210438553           0.00033353170241 
          5.97734451293444           0.00022976409638 
          6.07696692148335           0.00024308118562 
