          0.09641223426699       44357.77298284365000 
          0.19282446853398         102.89060413632605 
          0.28923670280096          41.77161468011144 
          0.38564893706795           6.33381988255307 
          0.48206117133494           2.41850382829820 
          0.57847340560193           1.59132047243027 
          0.67488563986891           0.39338787192346 
          0.77129787413590           0.34364484828685 
          0.86771010840289           0.13800742671266 
          0.96412234266988           0.14189873702143 
          1.06053457693686           0.18336282605629 
          1.15694681120385           0.14490588843878 
          1.25335904547084           0.07319126354706 
          1.34977127973783           0.05761570737507 
          1.44618351400481           0.05035435771120 
          1.54259574827180           0.02546494937651 
          1.63900798253879           0.03978559135713 
          1.73542021680578           0.02507982189855 
          1.83183245107277           0.01867607915539 
          1.92824468533975           0.01108911879112 
          2.02465691960674           0.01171808842499 
          2.12106915387373           0.00910594089286 
          2.21748138814072           0.00806447884801 
          2.31389362240770           0.00799272479111 
          2.41030585667469           0.00615695024893 
          2.50671809094168           0.00489089059094 
          2.60313032520867           0.00514389369244 
          2.69954255947565           0.00557768786796 
          2.79595479374264           0.00385476201289 
          2.89236702800963           0.00296883737721 
          2.98877926227662           0.00270167716758 
          3.08519149654361           0.00275690338250 
          3.18160373081059           0.00256154313902 
          3.27801596507758           0.00193250351702 
          3.37442819934457           0.00170437196058 
          3.47084043361156           0.00162381957541 
          3.56725266787854           0.00177735725854 
          3.66366490214553           0.00120686115424 
          3.76007713641252           0.00129652554952 
          3.85648937067951           0.00118838083809 
          3.95290160494649           0.00092861808220 
          4.04931383921348           0.00086730655296 
          4.14572607348047           0.00067759331087 
          4.24213830774746           0.00065338452304 
          4.33855054201444           0.00070866727908 
          4.43496277628143           0.00062229163468 
          4.53137501054842           0.00056874564453 
          4.62778724481541           0.00046259571934 
          4.72419947908240           0.00048875070099 
          4.82061171334938           0.00039248473344 
          4.91702394761637           0.00038552502357 
          5.01343618188336           0.00030344770696 
          5.10984841615035           0.00028408711658 
          5.20626065041733           0.00034529244686 
          5.30267288468432           0.00026323665111 
          5.39908511895131           0.00027577929187 
          5.49549735321830           0.00022975939597 
          5.59190958748528           0.00022870067924 
          5.68832182175227           0.00020992848890 
          5.78473405601926           0.00018893660614 
          5.88114629028625           0.00015966500528 
          5.97755852455323           0.00017722522571 
          6.07397075882022           0.00015445415140 
