          0.09745905548596       47467.41805065987100 
          0.19491811097191         133.01164014444379 
          0.29237716645787          65.78109781878236 
          0.38983622194382          20.78547975428809 
          0.48729527742978           1.99890412782003 
          0.58475433291574           2.26385242037947 
          0.68221338840169           1.25338393590932 
          0.77967244388765           0.81489407742333 
          0.87713149937360           0.33437949732171 
          0.97459055485956           0.26149780637520 
          1.07204961034552           0.11430619111747 
          1.16950866583147           0.18948463733364 
          1.26696772131743           0.05561899793774 
          1.36442677680338           0.07778159344486 
          1.46188583228934           0.04144444319360 
          1.55934488777530           0.04052793446641 
          1.65680394326125           0.02090640473859 
          1.75426299874721           0.01524453386428 
          1.85172205423316           0.01277605332021 
          1.94918110971912           0.01715233211966 
          2.04664016520508           0.01102105011255 
          2.14409922069103           0.01249405918528 
          2.24155827617699           0.01225514184402 
          2.33901733166295           0.00819551022429 
          2.43647638714890           0.00759177768739 
          2.53393544263486           0.00592627098642 
          2.63139449812081           0.00387377552365 
          2.72885355360677           0.00463393887588 
          2.82631260909273           0.00397399222754 
          2.92377166457868           0.00355015623996 
          3.02123072006464           0.00327297744793 
          3.11868977555059           0.00237925734852 
          3.21614883103655           0.00189340926601 
          3.31360788652251           0.00243928941968 
          3.41106694200846           0.00227380047339 
          3.50852599749442           0.00140633216228 
          3.60598505298037           0.00168876283473 
          3.70344410846633           0.00120477973448 
          3.80090316395229           0.00150383945707 
          3.89836221943824           0.00100964248313 
          3.99582127492420           0.00088587390995 
          4.09328033041015           0.00087019193425 
          4.19073938589611           0.00061727037795 
          4.28819844138207           0.00069023160239 
          4.38565749686802           0.00070622602496 
          4.48311655235398           0.00065183567408 
          4.58057560783993           0.00061951149780 
          4.67803466332589           0.00045546979260 
          4.77549371881185           0.00040754499855 
          4.87295277429780           0.00044561374009 
          4.97041182978376           0.00036482351393 
          5.06787088526971           0.00031163869683 
          5.16532994075567           0.00030250875451 
          5.26278899624163           0.00025672250710 
          5.36024805172758           0.00027673333893 
          5.45770710721354           0.00022659902083 
          5.55516616269949           0.00022276689352 
          5.65262521818545           0.00017624251586 
          5.75008427367141           0.00018327668178 
          5.84754332915736           0.00017398907296 
          5.94500238464332           0.00018434270492 
          6.04246144012927           0.00017996042116 
