          0.09159162255364          96.66713892759098 
          0.18318324510728           3.18314202176752 
          0.27477486766091           1.56874558064189 
          0.36636649021455           0.43921835386478 
          0.45795811276819           0.23165898747685 
          0.54954973532183           0.11779247823324 
          0.64114135787547           0.05729636562374 
          0.73273298042911           0.03885282468252 
          0.82432460298274           0.03305429285439 
          0.91591622553638           0.01377821294673 
          1.00750784809002           0.01056880745240 
          1.09909947064366           0.00798161342792 
          1.19069109319730           0.00393377385216 
          1.28228271575094           0.00568987426749 
          1.37387433830457           0.00515024167561 
          1.46546596085821           0.00333597864653 
          1.55705758341185           0.00250290463445 
          1.64864920596549           0.00272599021332 
          1.74024082851913           0.00261458436506 
          1.83183245107277           0.00175577117777 
          1.92342407362640           0.00159112184100 
          2.01501569618004           0.00220934020933 
          2.10660731873368           0.00104068990911 
          2.19819894128732           0.00104119825691 
          2.28979056384096           0.00089604409383 
          2.38138218639460           0.00112966853842 
          2.47297380894823           0.00096826787703 
          2.56456543150187           0.00079763432963 
          2.65615705405551           0.00068265195298 
          2.74774867660915           0.00067330056813 
          2.83934029916279           0.00055036347131 
          2.93093192171643           0.00055457805995 
          3.02252354427006           0.00053024595269 
          3.11411516682370           0.00045123727113 
          3.20570678937734           0.00043766540539 
          3.29729841193098           0.00030791639697 
          3.38889003448462           0.00034009122317 
          3.48048165703825           0.00027647983549 
          3.57207327959189           0.00026086484511 
          3.66366490214553           0.00023137368342 
          3.75525652469917           0.00017748887805 
          3.84684814725281           0.00014305455871 
          3.93843976980645           0.00018198741311 
          4.03003139236008           0.00016781312432 
          4.12162301491372           0.00017200165613 
          4.21321463746736           0.00011757926450 
          4.30480626002100           0.00016157795609 
          4.39639788257464           0.00012103356483 
          4.48798950512828           0.00008282361926 
          4.57958112768191           0.00007787945426 
          4.67117275023555           0.00007221638514 
          4.76276437278919           0.00007394105803 
          4.85435599534283           0.00005091375009 
          4.94594761789647           0.00004103376032 
          5.03753924045011           0.00004094868506 
          5.12913086300374           0.00003599520219 
          5.22072248555738           0.00003921220562 
          5.31231410811102           0.00002738035730 
          5.40390573066466           0.00002879831154 
          5.49549735321830           0.00002082205614 
          5.58708897577194           0.00001819633196 
          5.67868059832557           0.00001668048647 
          5.77027222087921           0.00001621854585 
          5.86186384343285           0.00001224772159 
          5.95345546598649           0.00001375300803 
          6.04504708854013           0.00001209042880 
          6.13663871109377           0.00001084043843 
          6.22823033364740           0.00001036038393 
          6.31982195620104           0.00001052638737 
          6.41141357875468           0.00000831948394 
          6.50300520130832           0.00000915415832 
          6.59459682386196           0.00000766734245 
          6.68618844641559           0.00000673746647 
          6.77778006896923           0.00000657039517 
          6.86937169152287           0.00000734680331 
          6.96096331407651           0.00000615796985 
          7.05255493663015           0.00000610514512 
          7.14414655918379           0.00000648113633 
          7.23573818173743           0.00000592225854 
          7.32732980429106           0.00000575634155 
          7.41892142684470           0.00000544572389 
          7.51051304939834           0.00000521966262 
          7.60210467195198           0.00000534752102 
          7.69369629450562           0.00000498816719 
          7.78528791705925           0.00000494922644 
          7.87687953961289           0.00000466376699 
          7.96847116216653           0.00000503506358 
          8.06006278472017           0.00000480980718 
          8.15165440727381           0.00000419225447 
          8.24324602982745           0.00000447043642 
          8.33483765238108           0.00000442018410 
          8.42642927493472           0.00000419538119 
          8.51802089748836           0.00000396760251 
          8.60961252004200           0.00000394363019 
          8.70120414259564           0.00000388802495 
          8.79279576514928           0.00000365352729 
          8.88438738770291           0.00000390747506 
          8.97597901025655           0.00000392993424 
          9.06757063281019           0.00000374208371 
          9.15916225536383           0.00000387619626 
          9.25075387791747           0.00000347119130 
          9.34234550047111           0.00000349750244 
          9.43393712302474           0.00000352615745 
          9.52552874557838           0.00000363076769 
          9.61712036813202           0.00000346984077 
          9.70871199068566           0.00000312560875 
          9.80030361323930           0.00000326833096 
          9.89189523579294           0.00000320476991 
          9.98348685834657           0.00000316593179 
         10.07507848090021           0.00000299616591 
         10.16667010345385           0.00000277534407 
         10.25826172600749           0.00000308388524 
         10.34985334856113           0.00000266367436 
         10.44144497111476           0.00000279513120 
         10.53303659366840           0.00000259269385 
         10.62462821622204           0.00000278194499 
         10.71621983877568           0.00000232709650 
         10.80781146132932           0.00000236936662 
         10.89940308388296           0.00000229614269 
         10.99099470643659           0.00000238006720 
         11.08258632899023           0.00000249205850 
         11.17417795154387           0.00000222663989 
         11.26576957409751           0.00000206633016 
         11.35736119665115           0.00000227440436 
         11.44895281920479           0.00000206021809 
         11.54054444175843           0.00000208836901 
         11.63213606431206           0.00000197173238 
         11.72372768686570           0.00000193320114 
         11.81531930941934           0.00000200716452 
         11.90691093197298           0.00000177014825 
         11.99850255452662           0.00000187842503 
         12.09009417708026           0.00000175935559 
         12.18168579963389           0.00000171152644 
         12.27327742218753           0.00000184952236 
         12.36486904474117           0.00000157330453 
         12.45646066729481           0.00000161757211 
         12.54805228984845           0.00000161993143 
         12.63964391240208           0.00000165333400 
         12.73123553495572           0.00000155391477 
         12.82282715750936           0.00000151152017 
         12.91441878006300           0.00000154559411 
         13.00601040261664           0.00000154859900 
         13.09760202517028           0.00000149123137 
         13.18919364772391           0.00000138935290 
         13.28078527027755           0.00000141940256 
         13.37237689283119           0.00000135843836 
         13.46396851538483           0.00000138780924 
         13.55556013793847           0.00000129226701 
         13.64715176049211           0.00000127646673 
         13.73874338304574           0.00000128079093 
         13.83033500559938           0.00000138374014 
         13.92192662815302           0.00000123912669 
         14.01351825070666           0.00000128650615 
         14.10510987326030           0.00000115551591 
         14.19670149581394           0.00000128073554 
         14.28829311836757           0.00000125005587 
         14.37988474092121           0.00000117893482 
         14.47147636347485           0.00000119504041 
         14.56306798602849           0.00000115140284 
         14.65465960858213           0.00000113554304 
         14.74625123113576           0.00000113518705 
         14.83784285368940           0.00000109357311 
         14.92943447624304           0.00000116499385 
         15.02102609879668           0.00000112905453 
         15.11261772135032           0.00000111257464 
         15.20420934390396           0.00000103007689 
         15.29580096645760           0.00000108490229 
         15.38739258901123           0.00000110751449 
         15.47898421156487           0.00000101623182 
         15.57057583411851           0.00000100040341 
         15.66216745667215           0.00000103472596 
