          0.08540417707190          10.16857861231897 
          0.17080835414380           1.42701796393796 
          0.25621253121570           3.88645392929683 
          0.34161670828759           0.91082908424316 
          0.42702088535949           0.90829867032868 
          0.51242506243139           0.18876305991997 
          0.59782923950329           0.35282847773801 
          0.68323341657519           0.12583079737229 
          0.76863759364709           0.10954432006984 
          0.85404177071899           0.05269084343938 
          0.93944594779089           0.03408359604717 
          1.02485012486278           0.03482183693483 
          1.11025430193468           0.01882217566059 
          1.19565847900658           0.01639700108986 
          1.28106265607848           0.01744243218910 
          1.36646683315038           0.01056189846615 
          1.45187101022228           0.00987919323577 
          1.53727518729418           0.01145377094739 
          1.62267936436608           0.00640261746505 
          1.70808354143797           0.00754002940339 
          1.79348771850987           0.00605618566106 
          1.87889189558177           0.00563193357198 
          1.96429607265367           0.00512573251479 
          2.04970024972557           0.00354219391942 
          2.13510442679747           0.00344629495092 
          2.22050860386937           0.00222679000312 
          2.30591278094126           0.00290546082100 
          2.39131695801316           0.00201734875271 
          2.47672113508506           0.00154507205335 
          2.56212531215696           0.00176698411003 
          2.64752948922886           0.00172842052426 
          2.73293366630076           0.00136701411334 
          2.81833784337266           0.00142853275453 
          2.90374202044456           0.00120522886717 
          2.98914619751645           0.00092465574586 
          3.07455037458835           0.00088161858989 
          3.15995455166025           0.00100078374377 
          3.24535872873215           0.00067236503212 
          3.33076290580405           0.00068026895851 
          3.41616708287595           0.00074133061510 
          3.50157125994785           0.00062970807540 
          3.58697543701975           0.00047143474124 
          3.67237961409164           0.00053604000426 
          3.75778379116354           0.00041713834878 
          3.84318796823544           0.00034943496488 
          3.92859214530734           0.00039238860335 
          4.01399632237924           0.00033078152733 
          4.09940049945114           0.00034304436898 
          4.18480467652304           0.00027276931218 
          4.27020885359493           0.00028283691237 
          4.35561303066683           0.00017523487532 
          4.44101720773873           0.00019178209681 
          4.52642138481063           0.00018113182550 
          4.61182556188253           0.00011977227327 
          4.69722973895443           0.00011560977400 
          4.78263391602633           0.00010744185955 
          4.86803809309823           0.00012750704530 
          4.95344227017012           0.00009559081276 
          5.03884644724202           0.00007748824846 
          5.12425062431392           0.00008205765283 
          5.20965480138582           0.00006365588360 
          5.29505897845772           0.00006698299257 
          5.38046315552962           0.00006369374992 
          5.46586733260152           0.00005348635599 
          5.55127150967341           0.00003813238126 
          5.63667568674531           0.00003948847541 
          5.72207986381721           0.00004198597141 
          5.80748404088911           0.00003690447107 
          5.89288821796101           0.00003271797543 
          5.97829239503291           0.00003173023454 
          6.06369657210481           0.00003155253753 
          6.14910074917671           0.00003060697611 
