          0.08878317517563          87.18719461219430 
          0.17756635035127           4.78525143375631 
          0.26634952552690           5.32422117803492 
          0.35513270070253           1.22124669052868 
          0.44391587587817           0.49266798728553 
          0.53269905105380           0.22120100179353 
          0.62148222622943           0.10316984363641 
          0.71026540140507           0.08955771973392 
          0.79904857658070           0.07657047685104 
          0.88783175175634           0.04421159881974 
          0.97661492693197           0.02570034334426 
          1.06539810210760           0.02466137890728 
          1.15418127728324           0.02550282588081 
          1.24296445245887           0.01695703086336 
          1.33174762763450           0.01273485994728 
          1.42053080281014           0.01390357102796 
          1.50931397798577           0.00859850708127 
          1.59809715316140           0.00686268077925 
          1.68688032833704           0.00751074573456 
          1.77566350351267           0.00393671354501 
          1.86444667868830           0.00556733537447 
          1.95322985386394           0.00385343252008 
          2.04201302903957           0.00377145797488 
          2.13079620421521           0.00346714942820 
          2.21957937939084           0.00250618996070 
          2.30836255456647           0.00265895111771 
          2.39714572974211           0.00304544823470 
          2.48592890491774           0.00215387887677 
          2.57471208009337           0.00199719313203 
          2.66349525526901           0.00186445834685 
          2.75227843044464           0.00122637283310 
          2.84106160562027           0.00155281842762 
          2.92984478079591           0.00143374006497 
          3.01862795597154           0.00105567440152 
          3.10741113114717           0.00073407247054 
          3.19619430632281           0.00095710786429 
          3.28497748149844           0.00092971551200 
          3.37376065667408           0.00088507020616 
          3.46254383184971           0.00067373794871 
          3.55132700702534           0.00063195593961 
          3.64011018220098           0.00057167819577 
          3.72889335737661           0.00046645227771 
          3.81767653255224           0.00045227652343 
          3.90645970772788           0.00048277120025 
          3.99524288290351           0.00040611296944 
          4.08402605807914           0.00033455941810 
          4.17280923325478           0.00036157080428 
          4.26159240843041           0.00031153495169 
          4.35037558360604           0.00026725092608 
          4.43915875878168           0.00022395855932 
          4.52794193395731           0.00023902900749 
          4.61672510913295           0.00018812808941 
          4.70550828430858           0.00014516415163 
          4.79429145948421           0.00015967584987 
          4.88307463465985           0.00016488881040 
          4.97185780983548           0.00012672033031 
          5.06064098501111           0.00011167780415 
          5.14942416018675           0.00008821141221 
          5.23820733536238           0.00009563095826 
          5.32699051053801           0.00007685395186 
          5.41577368571365           0.00005770565017 
          5.50455686088928           0.00005864285755 
          5.59334003606491           0.00004980906176 
          5.68212321124055           0.00004121349099 
          5.77090638641618           0.00004761971626 
          5.85968956159181           0.00003576300490 
          5.94847273676745           0.00003442130840 
          6.03725591194308           0.00003211963395 
          6.12603908711872           0.00003394722041 
