          0.08152569491604          71.47081223807665 
          0.16305138983209          33.27789702989047 
          0.24457708474813           8.63577922273290 
          0.32610277966418           2.29902952951833 
          0.40762847458022           0.89599541276403 
          0.48915416949627           1.11600066749598 
          0.57067986441231           0.50362421949147 
          0.65220555932836           0.35336523335552 
          0.73373125424440           0.30845817767314 
          0.81525694916045           0.21208461399781 
          0.89678264407649           0.16755356867402 
          0.97830833899254           0.11029939791549 
          1.05983403390858           0.08127485369050 
          1.14135972882463           0.09256383034873 
          1.22288542374067           0.06519306880498 
          1.30441111865672           0.04841172808691 
          1.38593681357276           0.05075348499554 
          1.46746250848881           0.03905132241611 
          1.54898820340485           0.03157251180924 
          1.63051389832090           0.03341873003220 
          1.71203959323694           0.02342049189508 
          1.79356528815299           0.02452926203817 
          1.87509098306903           0.02354458789520 
          1.95661667798508           0.02015615737852 
          2.03814237290112           0.01402575433958 
          2.11966806781717           0.01438169802761 
          2.20119376273321           0.01205852073703 
          2.28271945764926           0.01338747819606 
          2.36424515256530           0.01103062885963 
          2.44577084748135           0.01063802808868 
          2.52729654239739           0.00810417840400 
          2.60882223731344           0.00901627812476 
          2.69034793222948           0.00752247047074 
          2.77187362714553           0.00719308758700 
          2.85339932206157           0.00705878190094 
          2.93492501697762           0.00620082889576 
          3.01645071189366           0.00528657141797 
          3.09797640680971           0.00539611993997 
          3.17950210172575           0.00478593787582 
          3.26102779664180           0.00509385170640 
          3.34255349155784           0.00472583616027 
          3.42407918647389           0.00441918333332 
          3.50560488138993           0.00349417200385 
          3.58713057630598           0.00408172494711 
          3.66865627122202           0.00353887013293 
          3.75018196613807           0.00316640452480 
          3.83170766105411           0.00320615461643 
          3.91323335597016           0.00302293280341 
          3.99475905088620           0.00309242852656 
          4.07628474580225           0.00267197789246 
          4.15781044071829           0.00269014692347 
          4.23933613563434           0.00279430779261 
          4.32086183055038           0.00239839180272 
          4.40238752546643           0.00263778116086 
          4.48391322038247           0.00212740500377 
          4.56543891529852           0.00216384821211 
          4.64696461021456           0.00209836696605 
          4.72849030513061           0.00193067590717 
          4.81001600004665           0.00195077628078 
          4.89154169496270           0.00185299773852 
          4.97306738987874           0.00175163236249 
          5.05459308479479           0.00172698880786 
          5.13611877971083           0.00166806372575 
          5.21764447462688           0.00162110112692 
          5.29917016954292           0.00143911027735 
          5.38069586445897           0.00165160558385 
          5.46222155937501           0.00143778278693 
          5.54374725429106           0.00136312710169 
          5.62527294920710           0.00138318329707 
          5.70679864412315           0.00128791178171 
          5.78832433903919           0.00138673751163 
          5.86985003395524           0.00120892557836 
          5.95137572887128           0.00122759169307 
          6.03290142378733           0.00121278683009 
          6.11442711870337           0.00117981657004 
