          0.09962240854891          52.07112264343920 
          0.19924481709781           6.57624441225275 
          0.29886722564672           1.56885872756881 
          0.39848963419563           0.73747632490105 
          0.49811204274454           0.17055700696801 
          0.59773445129344           0.16508591946631 
          0.69735685984235           0.06137238333398 
          0.79697926839126           0.05032891213338 
          0.89660167694017           0.04609121583139 
          0.99622408548907           0.03272336225096 
          1.09584649403798           0.02278279889108 
          1.19546890258689           0.01686706728437 
          1.29509131113580           0.01411509684662 
          1.39471371968470           0.00889896115180 
          1.49433612823361           0.00733602891092 
          1.59395853678252           0.00550197191784 
          1.69358094533143           0.00496447473023 
          1.79320335388033           0.00315380895220 
          1.89282576242924           0.00344111773498 
          1.99244817097815           0.00315387660539 
          2.09207057952705           0.00287382120163 
          2.19169298807596           0.00241880952586 
          2.29131539662487           0.00196688715471 
          2.39093780517378           0.00209890487932 
          2.49056021372268           0.00196869406561 
          2.59018262227159           0.00172098062882 
          2.68980503082050           0.00185976998227 
          2.78942743936941           0.00117195308143 
          2.88904984791831           0.00102400356084 
          2.98867225646722           0.00117621908610 
          3.08829466501613           0.00105453883200 
          3.18791707356504           0.00108252694914 
          3.28753948211394           0.00093396301683 
          3.38716189066285           0.00081936481280 
          3.48678429921176           0.00060337272421 
          3.58640670776066           0.00074275887161 
          3.68602911630957           0.00071029402730 
          3.78565152485848           0.00080746844528 
          3.88527393340739           0.00072122242376 
          3.98489634195629           0.00054250293739 
          4.08451875050520           0.00048114944310 
          4.18414115905411           0.00059633328169 
          4.28376356760302           0.00042256360951 
          4.38338597615192           0.00039112529551 
          4.48300838470083           0.00032674948386 
          4.58263079324974           0.00032029489349 
          4.68225320179865           0.00025633284410 
          4.78187561034755           0.00032179995627 
          4.88149801889646           0.00030343519752 
          4.98112042744537           0.00020546453266 
          5.08074283599427           0.00017756526991 
          5.18036524454318           0.00017156156274 
          5.27998765309209           0.00012793816808 
          5.37961006164100           0.00012363515266 
          5.47923247018990           0.00010527141457 
          5.57885487873881           0.00008484353460 
          5.67847728728772           0.00008456923746 
          5.77809969583663           0.00006256764832 
          5.87772210438553           0.00006068176731 
          5.97734451293444           0.00005884817027 
          6.07696692148335           0.00004746765545 
