          0.09745905548596         100.06015283035956 
          0.19491811097191           9.59171010699299 
          0.29237716645787           2.67779252994129 
          0.38983622194382           0.87568513355592 
          0.48729527742978           0.34349446795170 
          0.58475433291574           0.17855715043016 
          0.68221338840169           0.15277584048672 
          0.77967244388765           0.05336624231948 
          0.87713149937360           0.04478142872372 
          0.97459055485956           0.02573344223770 
          1.07204961034552           0.01937205319885 
          1.16950866583147           0.01378700142828 
          1.26696772131743           0.01102294709865 
          1.36442677680338           0.00933628201520 
          1.46188583228934           0.00739101561292 
          1.55934488777530           0.00535313319342 
          1.65680394326125           0.00397504188403 
          1.75426299874721           0.00592342066114 
          1.85172205423316           0.00405393804991 
          1.94918110971912           0.00244697477437 
          2.04664016520508           0.00271123499887 
          2.14409922069103           0.00242558576525 
          2.24155827617699           0.00214248062493 
          2.33901733166295           0.00183625471306 
          2.43647638714890           0.00200339607032 
          2.53393544263486           0.00168770793792 
          2.63139449812081           0.00166810759617 
          2.72885355360677           0.00169010443530 
          2.82631260909273           0.00138648855865 
          2.92377166457868           0.00173319441881 
          3.02123072006464           0.00101105336279 
          3.11868977555059           0.00098654725392 
          3.21614883103655           0.00115418785117 
          3.31360788652251           0.00078515058853 
          3.41106694200846           0.00084296168983 
          3.50852599749442           0.00075605886100 
          3.60598505298037           0.00077693346824 
          3.70344410846633           0.00066552932291 
          3.80090316395229           0.00062139462868 
          3.89836221943824           0.00059414959887 
          3.99582127492420           0.00050724540246 
          4.09328033041015           0.00056287814548 
          4.19073938589611           0.00039998612453 
          4.28819844138207           0.00043862537724 
          4.38565749686802           0.00032481974796 
          4.48311655235398           0.00037510880751 
          4.58057560783993           0.00035510888199 
          4.67803466332589           0.00027322501582 
          4.77549371881185           0.00027888737627 
          4.87295277429780           0.00024659066485 
          4.97041182978376           0.00018252648854 
          5.06787088526971           0.00015356357026 
          5.16532994075567           0.00014797738199 
          5.26278899624163           0.00014861630466 
          5.36024805172758           0.00010900800459 
          5.45770710721354           0.00010783417444 
          5.55516616269949           0.00009814601125 
          5.65262521818545           0.00006451259683 
          5.75008427367141           0.00007187041833 
          5.84754332915736           0.00006474696369 
          5.94500238464332           0.00006162016287 
          6.04246144012927           0.00006357976408 
