          0.08967011998258       11136.52263928952000 
          0.17934023996517          14.05900362132695 
          0.26901035994775          11.84656237187885 
          0.35868047993033           2.68705210073572 
          0.44835059991291           1.60962877286334 
          0.53802071989550           0.57186385850372 
          0.62769083987808           0.23705316913414 
          0.71736095986066           0.21413748216715 
          0.80703107984325           0.10393423613658 
          0.89670119982583           0.05768947769899 
          0.98637131980841           0.03890832049811 
          1.07604143979100           0.04737907626806 
          1.16571155977358           0.03937778082693 
          1.25538167975616           0.01870779999472 
          1.34505179973874           0.02167035071164 
          1.43472191972133           0.01860318080139 
          1.52439203970391           0.01204863660333 
          1.61406215968649           0.01311329014087 
          1.70373227966908           0.00876693876981 
          1.79340239965166           0.00642436079816 
          1.88307251963424           0.00538248021183 
          1.97274263961682           0.00490718402300 
          2.06241275959941           0.00633826350120 
          2.15208287958199           0.00485199842228 
          2.24175299956457           0.00349088479853 
          2.33142311954716           0.00367000018393 
          2.42109323952974           0.00240211625737 
          2.51076335951232           0.00218980919110 
          2.60043347949491           0.00200533679232 
          2.69010359947749           0.00183914074193 
          2.77977371946007           0.00209202294642 
          2.86944383944265           0.00167183023960 
          2.95911395942524           0.00199484550329 
          3.04878407940782           0.00129853845635 
          3.13845419939040           0.00132822970083 
          3.22812431937299           0.00131349900408 
          3.31779443935557           0.00120874249322 
          3.40746455933815           0.00088907426906 
          3.49713467932073           0.00095929765843 
          3.58680479930332           0.00102491729633 
          3.67647491928590           0.00078696731080 
          3.76614503926848           0.00075184453699 
          3.85581515925107           0.00063520925169 
          3.94548527923365           0.00067874912722 
          4.03515539921623           0.00058055038876 
          4.12482551919882           0.00050113824269 
          4.21449563918140           0.00057467356258 
          4.30416575916398           0.00049103791295 
          4.39383587914656           0.00043179132353 
          4.48350599912915           0.00041375164985 
          4.57317611911173           0.00038813644140 
          4.66284623909431           0.00037207442489 
          4.75251635907690           0.00035042183698 
          4.84218647905948           0.00031940010469 
          4.93185659904206           0.00028827856341 
          5.02152671902464           0.00029484101880 
          5.11119683900723           0.00025050259072 
          5.20086695898981           0.00023991678941 
          5.29053707897239           0.00023464548510 
          5.38020719895498           0.00022036697745 
          5.46987731893756           0.00020275293135 
          5.55954743892014           0.00019139016355 
          5.64921755890273           0.00020559895986 
          5.73888767888531           0.00021235497811 
          5.82855779886789           0.00016950436178 
          5.91822791885047           0.00018051323788 
          6.00789803883306           0.00016139797683 
          6.09756815881564           0.00015226642179 
