          0.09057496478564       12317.10491306095200 
          0.18114992957127         114.27697503699355 
          0.27172489435691          11.87702985341279 
          0.36229985914254           3.44021703680179 
          0.45287482392818           0.63902368298023 
          0.54344978871382           0.55719923620877 
          0.63402475349945           0.27151472042920 
          0.72459971828509           0.14655827116286 
          0.81517468307073           0.11016756231205 
          0.90574964785636           0.08884819657330 
          0.99632461264200           0.06994358293769 
          1.08689957742763           0.03184676399878 
          1.17747454221327           0.03564451077337 
          1.26804950699891           0.02136548309580 
          1.35862447178454           0.02027463357919 
          1.44919943657018           0.01248930025269 
          1.53977440135582           0.01184113618081 
          1.63034936614145           0.00657186107574 
          1.72092433092709           0.00932493494165 
          1.81149929571272           0.00606623459932 
          1.90207426049836           0.00475914642672 
          1.99264922528400           0.00552651819498 
          2.08322419006963           0.00483987159081 
          2.17379915485527           0.00480831577792 
          2.26437411964091           0.00432867368166 
          2.35494908442654           0.00325491752601 
          2.44552404921218           0.00222591282600 
          2.53609901399781           0.00250607627108 
          2.62667397878345           0.00203829442407 
          2.71724894356909           0.00186213546879 
          2.80782390835472           0.00133108661987 
          2.89839887314036           0.00146229985603 
          2.98897383792600           0.00168714997077 
          3.07954880271163           0.00133423846876 
          3.17012376749727           0.00127021748867 
          3.26069873228290           0.00091472589716 
          3.35127369706854           0.00088581443541 
          3.44184866185418           0.00066702378671 
          3.53242362663981           0.00101649175863 
          3.62299859142545           0.00092279830707 
          3.71357355621109           0.00062148187979 
          3.80414852099672           0.00057949225761 
          3.89472348578236           0.00064507676934 
          3.98529845056799           0.00047671686523 
          4.07587341535363           0.00043420148209 
          4.16644838013927           0.00037863252782 
          4.25702334492490           0.00032598080288 
          4.34759830971054           0.00031936133991 
          4.43817327449618           0.00031710373494 
          4.52874823928181           0.00027098875639 
          4.61932320406745           0.00022128727651 
          4.70989816885309           0.00018901856677 
          4.80047313363872           0.00017334787671 
          4.89104809842436           0.00018288515411 
          4.98162306320999           0.00014497525567 
          5.07219802799563           0.00014022070984 
          5.16277299278127           0.00014494995657 
          5.25334795756690           0.00011288745505 
          5.34392292235254           0.00009947951087 
          5.43449788713817           0.00009275060230 
          5.52507285192381           0.00007895869358 
          5.61564781670945           0.00006967792586 
          5.70622278149508           0.00006994545386 
          5.79679774628072           0.00006972002037 
          5.88737271106636           0.00006816460843 
          5.97794767585199           0.00006110607331 
          6.06852264063763           0.00005685213847 
