          0.09149825698529       20746.04658677376900 
          0.18299651397057          55.11819336262015 
          0.27449477095586           6.56831681870567 
          0.36599302794114           2.43680176636861 
          0.45749128492643           0.82904569824684 
          0.54898954191172           0.57212173213735 
          0.64048779889700           0.32141805111812 
          0.73198605588229           0.27558260650307 
          0.82348431286757           0.07240360840525 
          0.91498256985286           0.07860085962574 
          1.00648082683815           0.05490221268212 
          1.09797908382343           0.04953830478122 
          1.18947734080872           0.03094074601767 
          1.28097559779400           0.02775075588523 
          1.37247385477929           0.01706429164772 
          1.46397211176458           0.01641045865871 
          1.55547036874986           0.01465933651003 
          1.64696862573515           0.00995598525682 
          1.73846688272043           0.00806524021959 
          1.82996513970572           0.00889260964717 
          1.92146339669101           0.00702745180014 
          2.01296165367629           0.00562196181928 
          2.10445991066158           0.00607958190227 
          2.19595816764686           0.00394327083098 
          2.28745642463215           0.00391673134342 
          2.37895468161743           0.00393414809250 
          2.47045293860272           0.00280602861207 
          2.56195119558801           0.00323299462396 
          2.65344945257329           0.00322168701815 
          2.74494770955858           0.00182594200678 
          2.83644596654386           0.00192420355127 
          2.92794422352915           0.00239797926796 
          3.01944248051444           0.00184290387255 
          3.11094073749972           0.00149203127826 
          3.20243899448501           0.00158515373583 
          3.29393725147029           0.00152679763024 
          3.38543550845558           0.00139964084131 
          3.47693376544087           0.00136589738638 
          3.56843202242615           0.00097833905876 
          3.65993027941144           0.00110778266466 
          3.75142853639672           0.00076067169815 
          3.84292679338201           0.00068160074860 
          3.93442505036730           0.00074903584613 
          4.02592330735258           0.00083294229672 
          4.11742156433787           0.00065741813951 
          4.20891982132315           0.00053333371039 
          4.30041807830844           0.00050070808051 
          4.39191633529373           0.00056248529051 
          4.48341459227901           0.00045632019678 
          4.57491284926430           0.00050404051997 
          4.66641110624958           0.00037205196160 
          4.75790936323487           0.00037413941281 
          4.84940762022016           0.00027318412742 
          4.94090587720544           0.00030060325565 
          5.03240413419073           0.00027745472362 
          5.12390239117601           0.00025543677968 
          5.21540064816130           0.00027376262285 
          5.30689890514659           0.00022515369548 
          5.39839716213187           0.00018994456722 
          5.48989541911716           0.00018934189581 
          5.58139367610244           0.00016600150719 
          5.67289193308773           0.00018399900647 
          5.76439019007301           0.00015158654656 
          5.85588844705830           0.00014858530831 
          5.94738670404359           0.00014555714113 
          6.03888496102887           0.00015379659694 
          6.13038321801416           0.00014552823840 
