          0.08706090213634         502.40587800086035 
          0.17412180427268          70.50413396526764 
          0.26118270640902           2.97480288954661 
          0.34824360854536           3.00883069319057 
          0.43530451068170           0.88862303418413 
          0.52236541281803           0.56395260442099 
          0.60942631495437           0.38085920752863 
          0.69648721709071           0.16690045287717 
          0.78354811922705           0.09741122725328 
          0.87060902136339           0.08618223337043 
          0.95766992349973           0.05651916009066 
          1.04473082563607           0.03184650921754 
          1.13179172777241           0.02391445852171 
          1.21885262990875           0.02835490403460 
          1.30591353204509           0.02047804891947 
          1.39297443418142           0.01366059888355 
          1.48003533631776           0.01217999390330 
          1.56709623845410           0.00921894797950 
          1.65415714059044           0.00894003778644 
          1.74121804272678           0.00766886060212 
          1.82827894486312           0.00652822080444 
          1.91533984699946           0.00308851340468 
          2.00240074913580           0.00381601604055 
          2.08946165127214           0.00423736666741 
          2.17652255340848           0.00234004135936 
          2.26358345554481           0.00270820016854 
          2.35064435768115           0.00246518262617 
          2.43770525981749           0.00215183027681 
          2.52476616195383           0.00185258302143 
          2.61182706409017           0.00158324127586 
          2.69888796622651           0.00171881181917 
          2.78594886836285           0.00131245168669 
          2.87300977049919           0.00116197121033 
          2.96007067263553           0.00121490134198 
          3.04713157477187           0.00107618382426 
          3.13419247690821           0.00098400420763 
          3.22125337904454           0.00083824435146 
          3.30831428118088           0.00089131371965 
          3.39537518331722           0.00079172047595 
          3.48243608545356           0.00061621424340 
          3.56949698758990           0.00053868641609 
          3.65655788972624           0.00049674684705 
          3.74361879186258           0.00043230321042 
          3.83067969399892           0.00041839125847 
          3.91774059613526           0.00034636086412 
          4.00480149827160           0.00032363105232 
          4.09186240040793           0.00030470855793 
          4.17892330254427           0.00029705083495 
          4.26598420468061           0.00026677407582 
          4.35304510681695           0.00020881758744 
          4.44010600895329           0.00016058672765 
          4.52716691108963           0.00015268930380 
          4.61422781322597           0.00014085684374 
          4.70128871536231           0.00013741541107 
          4.78834961749865           0.00013766381239 
          4.87541051963499           0.00010381729555 
          4.96247142177132           0.00010441184532 
          5.04953232390766           0.00007884817253 
          5.13659322604400           0.00007287138379 
          5.22365412818034           0.00006683251361 
          5.31071503031668           0.00005979860947 
          5.39777593245302           0.00005271160811 
          5.48483683458936           0.00005985917639 
          5.57189773672570           0.00004694977730 
          5.65895863886204           0.00003941332041 
          5.74601954099838           0.00003634386291 
          5.83308044313471           0.00003226079698 
          5.92014134527105           0.00003547892792 
          6.00720224740739           0.00003139734537 
          6.09426314954373           0.00002811667927 
