          0.08303403339738          88.04855308645537 
          0.16606806679476          13.01649476801305 
          0.24910210019213           4.69633925898933 
          0.33213613358951           2.25872524825691 
          0.41517016698689           1.31095229479596 
          0.49820420038427           0.51736869397399 
          0.58123823378165           0.18908896286117 
          0.66427226717902           0.15650845980981 
          0.74730630057640           0.13270188572470 
          0.83034033397378           0.09664651788493 
          0.91337436737116           0.06270242065144 
          0.99640840076853           0.05410069629580 
          1.07944243416591           0.04306458926509 
          1.16247646756329           0.03260860930462 
          1.24551050096067           0.02098428558888 
          1.32854453435805           0.01416202835505 
          1.41157856775542           0.01234222773476 
          1.49461260115280           0.01125403393235 
          1.57764663455018           0.01383268129426 
          1.66068066794756           0.00705546707452 
          1.74371470134494           0.00696417180451 
          1.82674873474231           0.00616102167479 
          1.90978276813969           0.00530816868591 
          1.99281680153707           0.00413399069489 
          2.07585083493445           0.00354333114754 
          2.15888486833183           0.00299982606811 
          2.24191890172920           0.00263913825510 
          2.32495293512658           0.00261042373287 
          2.40798696852396           0.00279654212750 
          2.49102100192134           0.00234629735021 
          2.57405503531872           0.00216164042867 
          2.65708906871609           0.00206618802838 
          2.74012310211347           0.00192052119691 
          2.82315713551085           0.00132719709407 
          2.90619116890823           0.00133639081602 
          2.98922520230560           0.00134299480686 
          3.07225923570298           0.00091044815296 
          3.15529326910036           0.00083721368266 
          3.23832730249774           0.00074210263970 
          3.32136133589512           0.00085821651225 
          3.40439536929249           0.00057384566633 
          3.48742940268987           0.00056680892770 
          3.57046343608725           0.00042182765592 
          3.65349746948463           0.00044006307948 
          3.73653150288201           0.00045067749548 
          3.81956553627938           0.00042586094234 
          3.90259956967676           0.00038336442435 
          3.98563360307414           0.00030194822879 
          4.06866763647152           0.00028658882863 
          4.15170166986890           0.00028546163240 
          4.23473570326627           0.00024113807483 
          4.31776973666365           0.00025765847124 
          4.40080377006103           0.00016856127178 
          4.48383780345841           0.00016990018756 
          4.56687183685579           0.00015638652656 
          4.64990587025316           0.00014382506973 
          4.73293990365054           0.00014096023309 
          4.81597393704792           0.00011516829213 
          4.89900797044530           0.00012371080529 
          4.98204200384267           0.00009056899796 
          5.06507603724005           0.00009685270913 
          5.14811007063743           0.00008860855207 
          5.23114410403481           0.00008436940963 
          5.31417813743219           0.00006281020088 
          5.39721217082956           0.00006864570837 
          5.48024620422694           0.00006159249559 
          5.56328023762432           0.00005014484568 
          5.64631427102170           0.00005267465110 
          5.72934830441908           0.00004957945415 
          5.81238233781645           0.00004596731525 
          5.89541637121383           0.00004411807957 
          5.97845040461121           0.00003715081786 
          6.06148443800859           0.00004178085432 
          6.14451847140597           0.00004293712272 
