          0.09438463733182       25117.83876084548300 
          0.18876927466365         171.92806835436946 
          0.28315391199547          11.33376314879405 
          0.37753854932730           3.57578436126425 
          0.47192318665912           1.65168464884606 
          0.56630782399095           0.73999058241422 
          0.66069246132277           0.33307291461177 
          0.75507709865460           0.19756827656256 
          0.84946173598642           0.11321733083055 
          0.94384637331825           0.07133178470900 
          1.03823101065007           0.02803289414201 
          1.13261564798190           0.02785855207323 
          1.22700028531372           0.02356753873043 
          1.32138492264555           0.02989157778762 
          1.41576955997737           0.02593743084246 
          1.51015419730920           0.02633486132033 
          1.60453883464102           0.01662525585841 
          1.69892347197285           0.01113168715376 
          1.79330810930467           0.00772266577120 
          1.88769274663650           0.00454577792283 
          1.98207738396832           0.00761481824961 
          2.07646202130015           0.00589176715581 
          2.17084665863197           0.00592690068169 
          2.26523129596380           0.00463495431349 
          2.35961593329562           0.00370543753922 
          2.45400057062745           0.00362588394794 
          2.54838520795927           0.00305144302806 
          2.64276984529110           0.00317104253086 
          2.73715448262292           0.00237705615090 
          2.83153911995475           0.00217588276165 
          2.92592375728657           0.00226779415618 
          3.02030839461840           0.00168142788386 
          3.11469303195022           0.00137534560372 
          3.20907766928205           0.00148287924014 
          3.30346230661387           0.00126388253677 
          3.39784694394570           0.00095899953204 
          3.49223158127752           0.00126233232830 
          3.58661621860935           0.00099145942982 
          3.68100085594117           0.00117028145030 
          3.77538549327300           0.00099098393172 
          3.86977013060482           0.00088316827787 
          3.96415476793665           0.00072362730917 
          4.05853940526847           0.00077874421638 
          4.15292404260030           0.00068947989143 
          4.24730867993212           0.00050609294181 
          4.34169331726395           0.00052601139891 
          4.43607795459577           0.00039515979030 
          4.53046259192760           0.00032640835652 
          4.62484722925942           0.00032356932601 
          4.71923186659125           0.00032096412660 
          4.81361650392307           0.00026365890657 
          4.90800114125490           0.00023579477600 
          5.00238577858672           0.00017014050851 
          5.09677041591855           0.00023421707895 
          5.19115505325037           0.00019279621841 
          5.28553969058220           0.00018354834928 
          5.37992432791402           0.00016426746433 
          5.47430896524585           0.00015037359297 
          5.56869360257767           0.00014530117471 
          5.66307823990950           0.00013644522116 
          5.75746287724132           0.00009659409926 
          5.85184751457315           0.00009698162686 
          5.94623215190497           0.00008825741010 
          6.04061678923680           0.00009660747642 
          6.13500142656862           0.00009214955546 
