          0.09641223426699       33173.65908326787800 
          0.19282446853398         114.66842579851017 
          0.28923670280096          32.67638038099287 
          0.38564893706795           6.69773890466857 
          0.48206117133494           1.23143452110841 
          0.57847340560193           1.10216184180379 
          0.67488563986891           0.38262505310381 
          0.77129787413590           0.31373109598604 
          0.86771010840289           0.16056500363989 
          0.96412234266988           0.16383247866815 
          1.06053457693686           0.07044567316352 
          1.15694681120385           0.06502672621659 
          1.25335904547084           0.02794778443355 
          1.34977127973783           0.03217419144440 
          1.44618351400481           0.01722901611336 
          1.54259574827180           0.01920801195218 
          1.63900798253879           0.01522102457841 
          1.73542021680578           0.01398901436466 
          1.83183245107277           0.01517113836110 
          1.92824468533975           0.00648968179353 
          2.02465691960674           0.00831811203594 
          2.12106915387373           0.00685201613846 
          2.21748138814072           0.00682010815392 
          2.31389362240770           0.00418394444261 
          2.41030585667469           0.00428319040689 
          2.50671809094168           0.00413356217068 
          2.60313032520867           0.00396184119977 
          2.69954255947565           0.00277865120016 
          2.79595479374264           0.00370948127356 
          2.89236702800963           0.00215771439225 
          2.98877926227662           0.00339803917828 
          3.08519149654361           0.00254085397205 
          3.18160373081059           0.00173187279697 
          3.27801596507758           0.00191533917202 
          3.37442819934457           0.00160068509161 
          3.47084043361156           0.00164778745346 
          3.56725266787854           0.00136970711305 
          3.66366490214553           0.00127206970322 
          3.76007713641252           0.00108670074618 
          3.85648937067951           0.00120105339743 
          3.95290160494649           0.00091010463948 
          4.04931383921348           0.00087844444192 
          4.14572607348047           0.00074562453666 
          4.24213830774746           0.00101847335192 
          4.33855054201444           0.00070305533158 
          4.43496277628143           0.00070625585124 
          4.53137501054842           0.00051421933667 
          4.62778724481541           0.00049831296823 
          4.72419947908240           0.00045227674841 
          4.82061171334938           0.00047835260368 
          4.91702394761637           0.00046694288324 
          5.01343618188336           0.00045527608977 
          5.10984841615035           0.00036074819733 
          5.20626065041733           0.00032444522168 
          5.30267288468432           0.00032116654378 
          5.39908511895131           0.00022225028645 
          5.49549735321830           0.00024224504585 
          5.59190958748528           0.00025297736054 
          5.68832182175227           0.00022188665973 
          5.78473405601926           0.00018858593209 
          5.88114629028625           0.00019281239254 
          5.97755852455323           0.00016896337395 
          6.07397075882022           0.00014189656506 
