          0.09745905548596       26639.46839500797800 
          0.19491811097191         504.46145876548326 
          0.29237716645787          58.45221811947972 
          0.38983622194382           5.85608555404498 
          0.48729527742978           3.01963200264351 
          0.58475433291574           0.81262891109144 
          0.68221338840169           0.48208537443983 
          0.77967244388765           0.32671868448664 
          0.87713149937360           0.16214190862380 
          0.97459055485956           0.10890102466615 
          1.07204961034552           0.07107320994997 
          1.16950866583147           0.08301785772244 
          1.26696772131743           0.02990043033290 
          1.36442677680338           0.04262429552835 
          1.46188583228934           0.03226603397215 
          1.55934488777530           0.02219200172579 
          1.65680394326125           0.02148981033624 
          1.75426299874721           0.01442912460423 
          1.85172205423316           0.01395104814910 
          1.94918110971912           0.00896982987064 
          2.04664016520508           0.00690806846010 
          2.14409922069103           0.00756419766190 
          2.24155827617699           0.00622459125879 
          2.33901733166295           0.00487667685213 
          2.43647638714890           0.00350128622944 
          2.53393544263486           0.00463014443226 
          2.63139449812081           0.00259905317185 
          2.72885355360677           0.00307922933890 
          2.82631260909273           0.00237037964006 
          2.92377166457868           0.00228181663025 
          3.02123072006464           0.00219414519165 
          3.11868977555059           0.00182402742666 
          3.21614883103655           0.00247399580702 
          3.31360788652251           0.00174254232376 
          3.41106694200846           0.00190854074192 
          3.50852599749442           0.00171102279945 
          3.60598505298037           0.00142903185447 
          3.70344410846633           0.00098155165057 
          3.80090316395229           0.00137960405417 
          3.89836221943824           0.00086565813950 
          3.99582127492420           0.00090530413227 
          4.09328033041015           0.00087974843456 
          4.19073938589611           0.00087279894633 
          4.28819844138207           0.00075984823716 
          4.38565749686802           0.00083555650389 
          4.48311655235398           0.00058708342877 
          4.58057560783993           0.00064400123601 
          4.67803466332589           0.00050768733320 
          4.77549371881185           0.00043337287499 
          4.87295277429780           0.00041994035176 
          4.97041182978376           0.00046735768321 
          5.06787088526971           0.00040264738363 
          5.16532994075567           0.00036317858384 
          5.26278899624163           0.00034705596544 
          5.36024805172758           0.00032191039086 
          5.45770710721354           0.00026987558580 
          5.55516616269949           0.00023528729931 
          5.65262521818545           0.00024922949133 
          5.75008427367141           0.00020647832087 
          5.84754332915736           0.00026735529045 
          5.94500238464332           0.00021358654808 
          6.04246144012927           0.00021973598020 
