          0.09852885850995       38647.95943151161900 
          0.19705771701990         289.36358376893401 
          0.29558657552985          14.75645989803099 
          0.39411543403980           6.56608339325817 
          0.49264429254976           1.18317220193659 
          0.59117315105971           0.55746658926386 
          0.68970200956966           0.36163661427520 
          0.78823086807961           0.25872975737750 
          0.88675972658956           0.16323549759660 
          0.98528858509951           0.12790334896533 
          1.08381744360946           0.11303056071317 
          1.18234630211941           0.06544919700841 
          1.28087516062937           0.06235869758169 
          1.37940401913932           0.03653159348047 
          1.47793287764927           0.04138653174279 
          1.57646173615922           0.02366552612936 
          1.67499059466917           0.02173113804080 
          1.77351945317912           0.01544862281789 
          1.87204831168907           0.01120475749517 
          1.97057717019902           0.00979675876916 
          2.06910602870897           0.00702170423899 
          2.16763488721893           0.00734871637760 
          2.26616374572888           0.00511474731754 
          2.36469260423883           0.00707840435955 
          2.46322146274878           0.00593586233130 
          2.56175032125873           0.00550053056100 
          2.66027917976868           0.00391650370207 
          2.75880803827863           0.00338252436332 
          2.85733689678858           0.00307503990373 
          2.95586575529853           0.00260551081074 
          3.05439461380849           0.00188741257481 
          3.15292347231844           0.00168477588486 
          3.25145233082839           0.00166109927224 
          3.34998118933834           0.00156394201190 
          3.44851004784829           0.00155652100116 
          3.54703890635824           0.00160664324089 
          3.64556776486819           0.00153118121046 
          3.74409662337814           0.00113763162078 
          3.84262548188810           0.00115762554504 
          3.94115434039805           0.00103736050609 
          4.03968319890800           0.00092990889191 
          4.13821205741795           0.00074440256336 
          4.23674091592790           0.00098453087999 
          4.33526977443785           0.00076124749452 
          4.43379863294780           0.00072256545927 
          4.53232749145775           0.00065627346709 
          4.63085634996771           0.00050493180117 
          4.72938520847766           0.00046272882241 
          4.82791406698761           0.00056189351087 
          4.92644292549756           0.00038239301748 
          5.02497178400751           0.00035051021173 
          5.12350064251746           0.00028399390983 
          5.22202950102741           0.00035117069472 
          5.32055835953736           0.00028320888294 
          5.41908721804731           0.00029728835972 
          5.51761607655727           0.00027196613563 
          5.61614493506722           0.00020166597601 
          5.71467379357717           0.00022440934492 
          5.81320265208712           0.00020152732192 
          5.91173151059707           0.00015756967086 
          6.01026036910702           0.00015811063882 
          6.10878922761697           0.00018420521853 
