          0.09149825698529           9.57953964386245 
          0.18299651397057          15.26710676134544 
          0.27449477095586           5.15764774611910 
          0.36599302794114           0.96643635508716 
          0.45749128492643           0.32224022830312 
          0.54898954191172           0.17445307478106 
          0.64048779889700           0.24243167620306 
          0.73198605588229           0.08711776924623 
          0.82348431286757           0.06948225481723 
          0.91498256985286           0.04552967325490 
          1.00648082683815           0.04947711917468 
          1.09797908382343           0.02550700931885 
          1.18947734080872           0.01141501295176 
          1.28097559779400           0.02176166488032 
          1.37247385477929           0.01898813975728 
          1.46397211176458           0.00703595932135 
          1.55547036874986           0.00910865410952 
          1.64696862573515           0.00818553008090 
          1.73846688272043           0.00684107303807 
          1.82996513970572           0.00483178383905 
          1.92146339669101           0.00405302523861 
          2.01296165367629           0.00468601332372 
          2.10445991066158           0.00303254301365 
          2.19595816764686           0.00302887414902 
          2.28745642463215           0.00308556025080 
          2.37895468161743           0.00203551584258 
          2.47045293860272           0.00207501197981 
          2.56195119558801           0.00169911941467 
          2.65344945257329           0.00167586238783 
          2.74494770955858           0.00143905261236 
          2.83644596654386           0.00129743656743 
          2.92794422352915           0.00133175754647 
          3.01944248051444           0.00114325250408 
          3.11094073749972           0.00150193105975 
          3.20243899448501           0.00090264543790 
          3.29393725147029           0.00071438161370 
          3.38543550845558           0.00086774569482 
          3.47693376544087           0.00065056398438 
          3.56843202242615           0.00066341022043 
          3.65993027941144           0.00054971382845 
          3.75142853639672           0.00058532320684 
          3.84292679338201           0.00052381224864 
          3.93442505036730           0.00041415078127 
          4.02592330735258           0.00043879508812 
          4.11742156433787           0.00033508191358 
          4.20891982132315           0.00033740020050 
          4.30041807830844           0.00031274447878 
          4.39191633529373           0.00027426383488 
          4.48341459227901           0.00023812967295 
          4.57491284926430           0.00019888657601 
          4.66641110624958           0.00018834137502 
          4.75790936323487           0.00016153928175 
          4.84940762022016           0.00013007860935 
          4.94090587720544           0.00013777432475 
          5.03240413419073           0.00011705771253 
          5.12390239117601           0.00010780625489 
          5.21540064816130           0.00007943331547 
          5.30689890514659           0.00007995297362 
          5.39839716213187           0.00008102097163 
          5.48989541911716           0.00005750591401 
          5.58139367610244           0.00005659816273 
          5.67289193308773           0.00006233823983 
          5.76439019007301           0.00004483147127 
          5.85588844705830           0.00004448215401 
          5.94738670404359           0.00004080184912 
          6.03888496102887           0.00003918156099 
          6.13038321801416           0.00003211246606 
          6.22188147499944           0.00003000743707 
          6.31337973198473           0.00003037849042 
          6.40487798897002           0.00002709011068 
          6.49637624595530           0.00002802325627 
          6.58787450294059           0.00002194353155 
          6.67937275992587           0.00002324624232 
          6.77087101691116           0.00002031404403 
          6.86236927389645           0.00001937204821 
          6.95386753088173           0.00002006616394 
          7.04536578786702           0.00001874200645 
          7.13686404485230           0.00001781662170 
          7.22836230183759           0.00001667048313 
          7.31986055882288           0.00001562639696 
          7.41135881580816           0.00001684246139 
          7.50285707279345           0.00001489950901 
          7.59435532977873           0.00001492217659 
          7.68585358676402           0.00001458620548 
          7.77735184374931           0.00001242778139 
          7.86885010073459           0.00001307593296 
          7.96034835771988           0.00001268466636 
          8.05184661470516           0.00001569898448 
          8.14334487169045           0.00001117108538 
          8.23484312867574           0.00001243135884 
          8.32634138566102           0.00001188742581 
          8.41783964264631           0.00001239068988 
          8.50933789963159           0.00001234834479 
          8.60083615661688           0.00001152446980 
          8.69233441360216           0.00001155529204 
          8.78383267058745           0.00001062164373 
          8.87533092757274           0.00001053110973 
          8.96682918455802           0.00001037890451 
          9.05832744154331           0.00001058257137 
          9.14982569852859           0.00001067127979 
          9.24132395551388           0.00001027182728 
          9.33282221249917           0.00001046337062 
          9.42432046948445           0.00000922326149 
          9.51581872646974           0.00000912086532 
          9.60731698345502           0.00000874764089 
          9.69881524044031           0.00000809457390 
          9.79031349742560           0.00000824204395 
          9.88181175441088           0.00000926824275 
          9.97331001139617           0.00000780401201 
         10.06480826838146           0.00000744643358 
         10.15630652536674           0.00000733037397 
         10.24780478235203           0.00000796369495 
         10.33930303933731           0.00000692453154 
         10.43080129632260           0.00000677462889 
         10.52229955330789           0.00000693419547 
         10.61379781029317           0.00000736003525 
         10.70529606727846           0.00000647642915 
         10.79679432426374           0.00000651619808 
         10.88829258124903           0.00000597592577 
         10.97979083823431           0.00000601354979 
         11.07128909521960           0.00000601774142 
         11.16278735220489           0.00000562080967 
         11.25428560919017           0.00000556001436 
         11.34578386617546           0.00000574805537 
         11.43728212316074           0.00000563729554 
         11.52878038014603           0.00000550524641 
         11.62027863713132           0.00000508708863 
         11.71177689411660           0.00000505158547 
         11.80327515110189           0.00000525304690 
         11.89477340808717           0.00000477521575 
         11.98627166507246           0.00000460174901 
         12.07776992205775           0.00000424737346 
         12.16926817904303           0.00000429749987 
         12.26076643602832           0.00000453804417 
         12.35226469301360           0.00000406251067 
         12.44376294999889           0.00000420316428 
         12.53526120698418           0.00000412431177 
         12.62675946396946           0.00000419525495 
         12.71825772095475           0.00000391164935 
         12.80975597794003           0.00000364436610 
         12.90125423492532           0.00000372734967 
         12.99275249191061           0.00000358463136 
         13.08425074889589           0.00000345695265 
         13.17574900588118           0.00000360848259 
         13.26724726286646           0.00000338085917 
         13.35874551985175           0.00000342055832 
         13.45024377683704           0.00000341310887 
         13.54174203382232           0.00000321128638 
         13.63324029080761           0.00000326650019 
         13.72473854779289           0.00000306810048 
         13.81623680477818           0.00000316156796 
         13.90773506176346           0.00000294023300 
         13.99923331874875           0.00000298879939 
         14.09073157573404           0.00000277393562 
         14.18222983271932           0.00000300520889 
         14.27372808970461           0.00000281445000 
         14.36522634668989           0.00000270981141 
         14.45672460367518           0.00000291668949 
         14.54822286066047           0.00000269602652 
         14.63972111764575           0.00000262834406 
         14.73121937463104           0.00000254803385 
         14.82271763161632           0.00000246500810 
         14.91421588860161           0.00000267678216 
         15.00571414558690           0.00000250462048 
         15.09721240257218           0.00000246909186 
         15.18871065955747           0.00000239391266 
         15.28020891654276           0.00000245001423 
         15.37170717352804           0.00000254844290 
         15.46320543051333           0.00000234032025 
         15.55470368749861           0.00000230078705 
         15.64620194448390           0.00000230961751 
