          0.08967011998258           9.69948615934387 
          0.17934023996517          18.40377636715224 
          0.26901035994775           3.35817934762950 
          0.35868047993033           1.22764742443446 
          0.44835059991291           0.44255595129313 
          0.53802071989550           0.38516338496581 
          0.62769083987808           0.19550090995816 
          0.71736095986066           0.11908344481855 
          0.80703107984325           0.08133571308562 
          0.89670119982583           0.05859417983144 
          0.98637131980841           0.03490700684512 
          1.07604143979100           0.02583378782097 
          1.16571155977358           0.02059883132418 
          1.25538167975616           0.01377246603464 
          1.34505179973874           0.01295510455850 
          1.43472191972133           0.01144269275443 
          1.52439203970391           0.00844374057598 
          1.61406215968649           0.00598884693876 
          1.70373227966908           0.00710798279232 
          1.79340239965166           0.00482266334141 
          1.88307251963424           0.00487153309147 
          1.97274263961682           0.00388068153367 
          2.06241275959941           0.00321886216859 
          2.15208287958199           0.00322786389244 
          2.24175299956457           0.00239035471859 
          2.33142311954716           0.00217584358586 
          2.42109323952974           0.00154816869500 
          2.51076335951232           0.00168501878189 
          2.60043347949491           0.00217182611154 
          2.69010359947749           0.00185484435350 
          2.77977371946007           0.00150312844943 
          2.86944383944265           0.00149760021158 
          2.95911395942524           0.00096924616261 
          3.04878407940782           0.00102522149971 
          3.13845419939040           0.00070185140517 
          3.22812431937299           0.00081288364012 
          3.31779443935557           0.00101913988662 
          3.40746455933815           0.00078296060676 
          3.49713467932073           0.00066700625083 
          3.58680479930332           0.00068109892610 
          3.67647491928590           0.00060973719242 
          3.76614503926848           0.00049981113796 
          3.85581515925107           0.00051683255507 
          3.94548527923365           0.00039123235125 
          4.03515539921623           0.00038234294956 
          4.12482551919882           0.00036239243624 
          4.21449563918140           0.00029916159704 
          4.30416575916398           0.00032512032295 
          4.39383587914656           0.00023161538585 
          4.48350599912915           0.00024045830619 
          4.57317611911173           0.00015993427002 
          4.66284623909431           0.00018345155588 
          4.75251635907690           0.00015349339342 
          4.84218647905948           0.00016733480120 
          4.93185659904206           0.00013583387994 
          5.02152671902464           0.00009333054449 
          5.11119683900723           0.00009253986730 
          5.20086695898981           0.00008627696565 
          5.29053707897239           0.00008390725740 
          5.38020719895498           0.00007796856611 
          5.46987731893756           0.00005614783368 
          5.55954743892014           0.00005287884270 
          5.64921755890273           0.00003980090460 
          5.73888767888531           0.00004821869948 
          5.82855779886789           0.00004376444432 
          5.91822791885047           0.00003503043262 
          6.00789803883306           0.00003244651206 
          6.09756815881564           0.00003408168632 
          6.18723827879822           0.00002644590560 
          6.27690839878081           0.00002692125058 
          6.36657851876339           0.00002419774972 
          6.45624863874597           0.00002287531581 
          6.54591875872856           0.00002005717288 
          6.63558887871114           0.00001857582616 
          6.72525899869372           0.00002030506601 
          6.81492911867630           0.00002195307319 
          6.90459923865889           0.00001872738328 
          6.99426935864147           0.00002056704941 
          7.08393947862405           0.00001774981609 
          7.17360959860664           0.00001672090694 
          7.26327971858922           0.00001717084103 
          7.35294983857180           0.00001648213751 
          7.44261995855438           0.00001715958927 
          7.53229007853697           0.00001602213683 
          7.62196019851955           0.00001405476663 
          7.71163031850213           0.00001515248778 
          7.80130043848472           0.00001489816644 
          7.89097055846730           0.00001480195295 
          7.98064067844988           0.00001349905760 
          8.07031079843246           0.00001415532766 
          8.15998091841505           0.00001279677409 
          8.24965103839763           0.00001324592244 
          8.33932115838021           0.00001268748909 
          8.42899127836280           0.00001217703944 
          8.51866139834538           0.00001319643190 
          8.60833151832796           0.00001255599205 
          8.69800163831055           0.00001246702953 
          8.78767175829313           0.00001231261279 
          8.87734187827571           0.00001141839668 
          8.96701199825830           0.00001122293248 
          9.05668211824088           0.00001090353099 
          9.14635223822346           0.00001095190322 
          9.23602235820604           0.00001150086864 
          9.32569247818863           0.00001060659523 
          9.41536259817121           0.00001102384442 
          9.50503271815379           0.00001039055901 
          9.59470283813637           0.00001091251803 
          9.68437295811896           0.00001043878292 
          9.77404307810154           0.00000985049352 
          9.86371319808412           0.00001090905313 
          9.95338331806671           0.00000943970329 
         10.04305343804929           0.00001007983868 
         10.13272355803187           0.00000878842892 
         10.22239367801446           0.00000929538243 
         10.31206379799704           0.00000903430678 
         10.40173391797962           0.00000947246556 
         10.49140403796221           0.00000875212360 
         10.58107415794479           0.00000837179207 
         10.67074427792737           0.00000814808138 
         10.76041439790995           0.00000836047365 
         10.85008451789254           0.00000848132065 
         10.93975463787512           0.00000774692227 
         11.02942475785770           0.00000723187923 
         11.11909487784028           0.00000826523587 
         11.20876499782287           0.00000748385942 
         11.29843511780545           0.00000791248687 
         11.38810523778803           0.00000707592650 
         11.47777535777062           0.00000687064343 
         11.56744547775320           0.00000742707413 
         11.65711559773578           0.00000699627927 
         11.74678571771837           0.00000684695573 
         11.83645583770095           0.00000641171533 
         11.92612595768353           0.00000690956235 
         12.01579607766611           0.00000693816809 
         12.10546619764870           0.00000621868226 
         12.19513631763128           0.00000647083971 
         12.28480643761386           0.00000647805857 
         12.37447655759645           0.00000652637584 
         12.46414667757903           0.00000654843164 
         12.55381679756161           0.00000578985618 
         12.64348691754420           0.00000617745183 
         12.73315703752678           0.00000604963806 
         12.82282715750936           0.00000600566321 
         12.91249727749194           0.00000590877529 
         13.00216739747453           0.00000569773398 
         13.09183751745711           0.00000579548801 
         13.18150763743969           0.00000577120158 
         13.27117775742228           0.00000554171184 
         13.36084787740486           0.00000534754473 
         13.45051799738744           0.00000543772402 
         13.54018811737002           0.00000542705993 
         13.62985823735261           0.00000517605758 
         13.71952835733519           0.00000542093982 
         13.80919847731777           0.00000502077743 
         13.89886859730036           0.00000531281898 
         13.98853871728294           0.00000518448191 
         14.07820883726552           0.00000491704437 
         14.16787895724811           0.00000542778206 
         14.25754907723069           0.00000492733996 
         14.34721919721327           0.00000491950748 
         14.43688931719585           0.00000484864699 
         14.52655943717844           0.00000484866954 
         14.61622955716102           0.00000504435604 
         14.70589967714360           0.00000475645098 
         14.79556979712618           0.00000476896072 
         14.88523991710877           0.00000454681233 
         14.97491003709135           0.00000475457765 
         15.06458015707394           0.00000462527084 
         15.15425027705652           0.00000437180594 
         15.24392039703910           0.00000456371560 
         15.33359051702168           0.00000456052909 
         15.42326063700427           0.00000466381314 
         15.51293075698685           0.00000445896711 
