          0.09538766217063         303.46095171073671 
          0.19077532434127          60.81104045917466 
          0.28616298651190           6.75655650210760 
          0.38155064868253           1.31217734040004 
          0.47693831085316           0.63911760575988 
          0.57232597302380           0.33610672483152 
          0.66771363519443           0.12146007094206 
          0.76310129736506           0.08976672660846 
          0.85848895953570           0.07626525323646 
          0.95387662170633           0.04197827861077 
          1.04926428387696           0.03936362113071 
          1.14465194604759           0.02013331601296 
          1.24003960821823           0.01746051417564 
          1.33542727038886           0.01339087898316 
          1.43081493255949           0.01326651953952 
          1.52620259473013           0.00934676165093 
          1.62159025690076           0.00569293568335 
          1.71697791907139           0.00750900564390 
          1.81236558124202           0.00581379811811 
          1.90775324341266           0.00506599340920 
          2.00314090558329           0.00481994584708 
          2.09852856775392           0.00301632703720 
          2.19391622992456           0.00341136944730 
          2.28930389209519           0.00310088466484 
          2.38469155426582           0.00228215720881 
          2.48007921643645           0.00194104552498 
          2.57546687860709           0.00193487856804 
          2.67085454077772           0.00265994840148 
          2.76624220294835           0.00174372710411 
          2.86162986511899           0.00134439289885 
          2.95701752728962           0.00141712457979 
          3.05240518946025           0.00120122062906 
          3.14779285163088           0.00104568599013 
          3.24318051380152           0.00110509338728 
          3.33856817597215           0.00102313924016 
          3.43395583814278           0.00084975474235 
          3.52934350031342           0.00076319511761 
          3.62473116248405           0.00065873985188 
          3.72011882465468           0.00043906328025 
          3.81550648682531           0.00060952305779 
          3.91089414899595           0.00057781500491 
          4.00628181116658           0.00054020424724 
          4.10166947333721           0.00055815554609 
          4.19705713550785           0.00049446913081 
          4.29244479767848           0.00042902826957 
          4.38783245984911           0.00034792441822 
          4.48322012201975           0.00029005799447 
          4.57860778419038           0.00030073188921 
          4.67399544636101           0.00027286171002 
          4.76938310853164           0.00021112170476 
          4.86477077070228           0.00020566581724 
          4.96015843287291           0.00016693060179 
          5.05554609504354           0.00016799186804 
          5.15093375721418           0.00014629973805 
          5.24632141938481           0.00012954890957 
          5.34170908155544           0.00010759664330 
          5.43709674372607           0.00009272568256 
          5.53248440589671           0.00008446635925 
          5.62787206806734           0.00007238689704 
          5.72325973023797           0.00006834686439 
          5.81864739240861           0.00006478301886 
          5.91403505457924           0.00004935299551 
          6.00942271674987           0.00005218425911 
          6.10481037892050           0.00004400731607 
          6.20019804109114           0.00004079018659 
          6.29558570326177           0.00003570710980 
          6.39097336543240           0.00003525425400 
          6.48636102760304           0.00002780946580 
          6.58174868977367           0.00002963738586 
          6.67713635194430           0.00002684327482 
          6.77252401411493           0.00002514353472 
          6.86791167628557           0.00002436254814 
          6.96329933845620           0.00002350107098 
          7.05868700062683           0.00002308792966 
          7.15407466279747           0.00002015512717 
          7.24946232496810           0.00001957462786 
          7.34484998713873           0.00001815367791 
          7.44023764930936           0.00002005345552 
          7.53562531148000           0.00001711999100 
          7.63101297365063           0.00001668850416 
          7.72640063582126           0.00001768465299 
          7.82178829799189           0.00001532193966 
          7.91717596016253           0.00001706769163 
          8.01256362233316           0.00001446883988 
          8.10795128450379           0.00001478719788 
          8.20333894667443           0.00001321006099 
          8.29872660884506           0.00001445643204 
          8.39411427101569           0.00001371657004 
          8.48950193318633           0.00001184021831 
          8.58488959535696           0.00001398696686 
          8.68027725752759           0.00001301786100 
          8.77566491969822           0.00001266110838 
          8.87105258186886           0.00001283398238 
          8.96644024403949           0.00001201414014 
          9.06182790621012           0.00001225468996 
          9.15721556838075           0.00001194776449 
          9.25260323055139           0.00001124129164 
          9.34799089272202           0.00001134339497 
          9.44337855489266           0.00001164075579 
          9.53876621706329           0.00001139394267 
          9.63415387923392           0.00001099275577 
          9.72954154140455           0.00001034037214 
          9.82492920357518           0.00001138851745 
          9.92031686574582           0.00001023146677 
         10.01570452791645           0.00001009055591 
         10.11109219008709           0.00000951107426 
         10.20647985225772           0.00000891643154 
         10.30186751442835           0.00000900325046 
         10.39725517659898           0.00000930045056 
         10.49264283876962           0.00000876664450 
         10.58803050094025           0.00000898882599 
         10.68341816311088           0.00000806093580 
         10.77880582528151           0.00000855998956 
         10.87419348745215           0.00000837778001 
         10.96958114962278           0.00000815693569 
         11.06496881179341           0.00000775507236 
         11.16035647396405           0.00000772472240 
         11.25574413613468           0.00000749289624 
         11.35113179830531           0.00000716768162 
         11.44651946047594           0.00000718785326 
         11.54190712264658           0.00000775066036 
         11.63729478481721           0.00000680211222 
         11.73268244698784           0.00000625182502 
         11.82807010915848           0.00000679207752 
         11.92345777132911           0.00000630748625 
         12.01884543349974           0.00000663766000 
         12.11423309567038           0.00000618229645 
         12.20962075784101           0.00000602282959 
         12.30500842001164           0.00000629150445 
         12.40039608218227           0.00000568615775 
         12.49578374435291           0.00000623348089 
         12.59117140652354           0.00000549394140 
         12.68655906869417           0.00000573624853 
         12.78194673086481           0.00000588456810 
         12.87733439303544           0.00000523836295 
         12.97272205520607           0.00000521456095 
         13.06810971737670           0.00000524999529 
         13.16349737954734           0.00000515476045 
         13.25888504171797           0.00000520059070 
         13.35427270388860           0.00000483427735 
         13.44966036605923           0.00000503688216 
         13.54504802822987           0.00000485799888 
         13.64043569040050           0.00000468462207 
         13.73582335257113           0.00000477302949 
         13.83121101474177           0.00000451860771 
         13.92659867691240           0.00000467935947 
         14.02198633908303           0.00000451720683 
         14.11737400125367           0.00000441578480 
         14.21276166342430           0.00000448947805 
         14.30814932559493           0.00000445682594 
         14.40353698776556           0.00000436693003 
         14.49892464993620           0.00000413844147 
         14.59431231210683           0.00000432962432 
         14.68969997427746           0.00000407887115 
         14.78508763644810           0.00000423126985 
         14.88047529861873           0.00000415308047 
         14.97586296078936           0.00000390817556 
         15.07125062295999           0.00000414406172 
         15.16663828513063           0.00000386232362 
         15.26202594730126           0.00000393808147 
         15.35741360947189           0.00000378395417 
         15.45280127164252           0.00000377233204 
         15.54818893381316           0.00000386570267 
         15.64357659598379           0.00000371208581 
         15.73896425815442           0.00000372373847 
         15.83435192032506           0.00000360034486 
         15.92973958249569           0.00000371872970 
         16.02512724466632           0.00000371213599 
         16.12051490683696           0.00000349820942 
         16.21590256900759           0.00000356666312 
         16.31129023117822           0.00000349848818 
         16.40667789334885           0.00000357171557 
         16.50206555551949           0.00000331523683 
         16.59745321769012           0.00000334470910 
         16.69284087986075           0.00000338992248 
         16.78822854203138           0.00000333121217 
         16.88361620420202           0.00000335860075 
         16.97900386637265           0.00000322624505 
         17.07439152854328           0.00000318527751 
         17.16977919071392           0.00000330487506 
         17.26516685288455           0.00000322814327 
         17.36055451505518           0.00000310743007 
         17.45594217722582           0.00000302926409 
         17.55132983939645           0.00000321701042 
         17.64671750156708           0.00000307018875 
         17.74210516373771           0.00000299597785 
         17.83749282590835           0.00000304911625 
         17.93288048807898           0.00000302303011 
         18.02826815024961           0.00000295089848 
         18.12365581242025           0.00000292139560 
         18.21904347459088           0.00000283553216 
         18.31443113676151           0.00000289232701 
         18.40981879893214           0.00000276274828 
         18.50520646110278           0.00000289065646 
         18.60059412327341           0.00000273292167 
         18.69598178544404           0.00000275223897 
         18.79136944761467           0.00000275466246 
         18.88675710978531           0.00000266054578 
         18.98214477195594           0.00000273424153 
         19.07753243412657           0.00000262786522 
         19.17292009629721           0.00000274256749 
         19.26830775846784           0.00000270766475 
         19.36369542063847           0.00000248518245 
         19.45908308280911           0.00000264629668 
         19.55447074497974           0.00000251639603 
         19.64985840715037           0.00000264921068 
         19.74524606932100           0.00000254905419 
         19.84063373149164           0.00000248424109 
         19.93602139366227           0.00000252604694 
         20.03140905583290           0.00000250079091 
         20.12679671800354           0.00000242855493 
         20.22218438017417           0.00000242632396 
         20.31757204234480           0.00000238401161 
         20.41295970451543           0.00000241360027 
         20.50834736668607           0.00000242137271 
         20.60373502885670           0.00000232922672 
         20.69912269102733           0.00000234498038 
         20.79451035319796           0.00000238347671 
         20.88989801536860           0.00000229400201 
         20.98528567753923           0.00000230273692 
         21.08067333970987           0.00000228593345 
         21.17606100188050           0.00000222103358 
         21.27144866405113           0.00000228660442 
         21.36683632622176           0.00000218528893 
         21.46222398839240           0.00000223752819 
         21.55761165056303           0.00000219287147 
         21.65299931273366           0.00000220691176 
         21.74838697490429           0.00000215219841 
         21.84377463707493           0.00000208686863 
         21.93916229924556           0.00000220403781 
         22.03454996141619           0.00000214406469 
         22.12993762358683           0.00000214514675 
         22.22532528575746           0.00000210744630 
         22.32071294792809           0.00000203946778 
         22.41610061009872           0.00000211698030 
         22.51148827226936           0.00000206438140 
         22.60687593443999           0.00000202672302 
         22.70226359661062           0.00000209851755 
         22.79765125878125           0.00000197255230 
         22.89303892095189           0.00000206997708 
         22.98842658312252           0.00000194148952 
         23.08381424529316           0.00000195364531 
         23.17920190746379           0.00000199230033 
         23.27458956963442           0.00000194295125 
         23.36997723180505           0.00000199537273 
         23.46536489397569           0.00000185402041 
         23.56075255614632           0.00000193643915 
         23.65614021831695           0.00000195171317 
         23.75152788048758           0.00000189954187 
         23.84691554265822           0.00000191515976 
         23.94230320482885           0.00000184937653 
         24.03769086699948           0.00000187202493 
         24.13307852917012           0.00000185087273 
         24.22846619134075           0.00000182424593 
         24.32385385351138           0.00000179421499 
         24.41924151568201           0.00000184248465 
         24.51462917785265           0.00000183762319 
         24.61001684002328           0.00000175753151 
         24.70540450219391           0.00000179923789 
         24.80079216436455           0.00000177541072 
         24.89617982653518           0.00000178025915 
         24.99156748870582           0.00000175539637 
         25.08695515087645           0.00000174919125 
         25.18234281304708           0.00000176415607 
         25.27773047521771           0.00000169348076 
         25.37311813738834           0.00000172053835 
         25.46850579955898           0.00000171987759 
         25.56389346172961           0.00000165679357 
         25.65928112390024           0.00000169988508 
         25.75466878607087           0.00000169459852 
         25.85005644824151           0.00000165157117 
         25.94544411041214           0.00000165996079 
         26.04083177258277           0.00000167051974 
         26.13621943475341           0.00000168198077 
         26.23160709692404           0.00000160217374 
         26.32699475909467           0.00000164394958 
         26.42238242126530           0.00000160578543 
         26.51777008343594           0.00000161757911 
         26.61315774560657           0.00000160786060 
         26.70854540777720           0.00000158369630 
         26.80393306994784           0.00000160722500 
         26.89932073211847           0.00000157647368 
         26.99470839428911           0.00000157871503 
         27.09009605645974           0.00000154668960 
         27.18548371863037           0.00000155445043 
         27.28087138080100           0.00000157836259 
         27.37625904297163           0.00000152769107 
         27.47164670514227           0.00000153766483 
         27.56703436731290           0.00000150572864 
         27.66242202948353           0.00000149651396 
         27.75780969165416           0.00000157509142 
         27.85319735382480           0.00000145543051 
         27.94858501599543           0.00000151042764 
         28.04397267816606           0.00000149158355 
         28.13936034033670           0.00000148887675 
         28.23474800250733           0.00000145959958 
         28.33013566467797           0.00000145324455 
         28.42552332684860           0.00000149862762 
         28.52091098901923           0.00000145078118 
         28.61629865118986           0.00000145494102 
         28.71168631336049           0.00000143967596 
         28.80707397553113           0.00000139625764 
         28.90246163770176           0.00000145634939 
         28.99784929987239           0.00000143587309 
         29.09323696204303           0.00000138757450 
         29.18862462421366           0.00000143167656 
         29.28401228638429           0.00000139390657 
         29.37939994855492           0.00000142414723 
         29.47478761072556           0.00000133190416 
         29.57017527289619           0.00000139899261 
         29.66556293506682           0.00000137856065 
         29.76095059723745           0.00000139060871 
         29.85633825940809           0.00000136408793 
         29.95172592157872           0.00000132741517 
         30.04711358374935           0.00000135789994 
         30.14250124591999           0.00000135621064 
         30.23788890809062           0.00000134456993 
         30.33327657026126           0.00000131931415 
         30.42866423243189           0.00000133881424 
         30.52405189460252           0.00000133853669 
         30.61943955677315           0.00000132132606 
         30.71482721894378           0.00000129385798 
         30.81021488111442           0.00000130101006 
         30.90560254328505           0.00000133253379 
         31.00099020545568           0.00000127904179 
         31.09637786762631           0.00000128415045 
         31.19176552979695           0.00000127051562 
         31.28715319196758           0.00000127009231 
         31.38254085413821           0.00000129111705 
         31.47792851630884           0.00000125999327 
         31.57331617847948           0.00000127866918 
         31.66870384065012           0.00000127002444 
         31.76409150282074           0.00000121050324 
         31.85947916499138           0.00000125795757 
         31.95486682716201           0.00000122516588 
         32.05025448933264           0.00000124607542 
         32.14564215150327           0.00000125272358 
         32.24102981367391           0.00000118032991 
         32.33641747584454           0.00000121987707 
         32.43180513801518           0.00000119087804 
         32.52719280018581           0.00000122211156 
         32.62258046235644           0.00000122367500 
         32.71796812452708           0.00000115419869 
         32.81335578669771           0.00000121926654 
         32.90874344886834           0.00000115999327 
         33.00413111103897           0.00000119246560 
         33.09951877320961           0.00000116973234 
         33.19490643538024           0.00000117601719 
         33.29029409755087           0.00000118615274 
         33.38568175972150           0.00000114976755 
         33.48106942189214           0.00000114364565 
         33.57645708406277           0.00000114480667 
         33.67184474623340           0.00000113451119 
         33.76723240840404           0.00000115965963 
         33.86262007057467           0.00000110735319 
         33.95800773274530           0.00000114626137 
         34.05339539491593           0.00000109611971 
         34.14878305708657           0.00000112568649 
         34.24417071925720           0.00000113050787 
         34.33955838142784           0.00000108558101 
         34.43494604359847           0.00000111785633 
         34.53033370576910           0.00000108185560 
         34.62572136793973           0.00000111440070 
         34.72110903011036           0.00000106446034 
         34.81649669228100           0.00000107320889 
         34.91188435445163           0.00000107337922 
         35.00727201662227           0.00000107982537 
         35.10265967879290           0.00000106260667 
         35.19804734096353           0.00000104663457 
         35.29343500313416           0.00000106028632 
         35.38882266530479           0.00000105929290 
         35.48421032747542           0.00000104968897 
         35.57959798964606           0.00000104342562 
         35.67498565181670           0.00000101760548 
         35.77037331398733           0.00000104145307 
         35.86576097615797           0.00000103687494 
         35.96114863832859           0.00000101316833 
         36.05653630049923           0.00000102531855 
         36.15192396266986           0.00000100626687 
         36.24731162484049           0.00000103088543 
         36.34269928701112           0.00000098701918 
         36.43808694918176           0.00000098983009 
         36.53347461135239           0.00000099714427 
         36.62886227352302           0.00000098872477 
         36.72424993569366           0.00000099072913 
         36.81963759786429           0.00000096622533 
         36.91502526003492           0.00000098906838 
         37.01041292220555           0.00000096734838 
         37.10580058437619           0.00000096368748 
         37.20118824654682           0.00000096910642 
         37.29657590871745           0.00000094531706 
         37.39196357088808           0.00000097313032 
         37.48735123305872           0.00000094409769 
         37.58273889522935           0.00000092704281 
         37.67812655739999           0.00000095933892 
         37.77351421957062           0.00000092822108 
         37.86890188174125           0.00000095406963 
         37.96428954391188           0.00000090026829 
         38.05967720608251           0.00000092431080 
         38.15506486825315           0.00000092707243 
         38.25045253042378           0.00000090060643 
         38.34584019259442           0.00000092387044 
         38.44122785476505           0.00000089429619 
         38.53661551693568           0.00000091232017 
         38.63200317910631           0.00000090134966 
         38.72739084127694           0.00000087640491 
         38.82277850344758           0.00000090436511 
         38.91816616561821           0.00000087241462 
         39.01355382778885           0.00000089631652 
         39.10894148995948           0.00000087380184 
         39.20432915213011           0.00000086178368 
         39.29971681430074           0.00000087030636 
         39.39510447647137           0.00000086498902 
         39.49049213864200           0.00000086662988 
         39.58587980081264           0.00000083425814 
         39.68126746298328           0.00000086066620 
         39.77665512515391           0.00000085458442 
         39.87204278732455           0.00000085394190 
         39.96743044949517           0.00000082757873 
         40.06281811166581           0.00000082899963 
         40.15820577383644           0.00000083016451 
         40.25359343600707           0.00000081886528 
         40.34898109817770           0.00000082864748 
         40.44436876034834           0.00000081756387 
         40.53975642251897           0.00000081001826 
         40.63514408468960           0.00000081782937 
         40.73053174686024           0.00000080005050 
         40.82591940903087           0.00000080225589 
         40.92130707120150           0.00000080445847 
         41.01669473337213           0.00000081022675 
         41.11208239554277           0.00000080117771 
         41.20747005771340           0.00000076459541 
         41.30285771988403           0.00000079072822 
         41.39824538205466           0.00000077134954 
         41.49363304422530           0.00000078811920 
         41.58902070639593           0.00000077366652 
         41.68440836856657           0.00000076050408 
         41.77979603073720           0.00000076723248 
         41.87518369290783           0.00000075110321 
         41.97057135507846           0.00000076096359 
         42.06595901724909           0.00000075592126 
         42.16134667941973           0.00000075303631 
         42.25673434159036           0.00000076360442 
         42.35212200376100           0.00000072388001 
         42.44750966593163           0.00000074417967 
         42.54289732810226           0.00000073032485 
         42.63828499027289           0.00000073493039 
         42.73367265244352           0.00000075252288 
         42.82906031461416           0.00000070494239 
         42.92444797678479           0.00000071501893 
         43.01983563895543           0.00000071335493 
         43.11522330112606           0.00000071771965 
         43.21061096329670           0.00000071441039 
         43.30599862546732           0.00000070175759 
         43.40138628763796           0.00000071514941 
         43.49677394980859           0.00000068924475 
         43.59216161197922           0.00000069241285 
         43.68754927414985           0.00000069419717 
         43.78293693632049           0.00000068930885 
         43.87832459849113           0.00000070046198 
         43.97371226066175           0.00000067560230 
         44.06909992283239           0.00000068639246 
         44.16448758500302           0.00000066857051 
         44.25987524717365           0.00000067354037 
         44.35526290934428           0.00000067034589 
         44.45065057151492           0.00000065838396 
         44.54603823368555           0.00000067493030 
         44.64142589585618           0.00000065838547 
         44.73681355802681           0.00000065570830 
         44.83220122019745           0.00000064785851 
         44.92758888236808           0.00000064683264 
         45.02297654453871           0.00000065626454 
         45.11836420670935           0.00000064750531 
         45.21375186887998           0.00000063301732 
         45.30913953105061           0.00000063161713 
         45.40452719322124           0.00000064348949 
         45.49991485539188           0.00000064258060 
         45.59530251756251           0.00000061665528 
         45.69069017973315           0.00000062904935 
         45.78607784190378           0.00000061737003 
         45.88146550407441           0.00000062234111 
         45.97685316624504           0.00000061202594 
         46.07224082841567           0.00000060816849 
         46.16762849058631           0.00000062364634 
         46.26301615275694           0.00000059770950 
         46.35840381492758           0.00000061817544 
         46.45379147709821           0.00000058117328 
         46.54917913926884           0.00000059306374 
         46.64456680143947           0.00000060865405 
         46.73995446361010           0.00000059443665 
         46.83534212578074           0.00000059237040 
         46.93072978795137           0.00000058281844 
         47.02611745012201           0.00000058000772 
         47.12150511229264           0.00000058909726 
         47.21689277446328           0.00000056490095 
         47.31228043663391           0.00000058714410 
         47.40766809880454           0.00000056457209 
         47.50305576097517           0.00000057226003 
         47.59844342314580           0.00000056834570 
         47.69383108531643           0.00000055744698 
         47.78921874748707           0.00000057120674 
         47.88460640965771           0.00000055787845 
         47.97999407182834           0.00000056182748 
         48.07538173399897           0.00000054631430 
         48.17076939616960           0.00000054511665 
         48.26615705834023           0.00000055148684 
         48.36154472051086           0.00000053828482 
         48.45693238268150           0.00000054584874 
         48.55232004485213           0.00000054055232 
         48.64770770702277           0.00000054101166 
         48.74309536919339           0.00000053129402 
         48.83848303136403           0.00000052575527 
         48.93387069353467           0.00000053313820 
         49.02925835570530           0.00000052578238 
         49.12464601787593           0.00000053009837 
         49.22003368004656           0.00000051943236 
         49.31542134221720           0.00000051811941 
         49.41080900438782           0.00000052034855 
         49.50619666655846           0.00000051205142 
         49.60158432872909           0.00000051492394 
         49.69697199089973           0.00000050149906 
         49.79235965307036           0.00000051365672 
         49.88774731524099           0.00000050258813 
         49.98313497741163           0.00000050418062 
         50.07852263958225           0.00000049515514 
         50.17391030175289           0.00000049971216 
         50.26929796392352           0.00000049834765 
         50.36468562609416           0.00000048946361 
         50.46007328826479           0.00000049037128 
         50.55546095043543           0.00000048609460 
         50.65084861260606           0.00000047956909 
         50.74623627477669           0.00000049324956 
         50.84162393694732           0.00000047274528 
         50.93701159911795           0.00000048316367 
         51.03239926128859           0.00000047801553 
         51.12778692345922           0.00000046647435 
         51.22317458562986           0.00000048319684 
         51.31856224780049           0.00000045607237 
         51.41394990997112           0.00000047529712 
         51.50933757214175           0.00000046389390 
         51.60472523431238           0.00000046961989 
         51.70011289648301           0.00000045782682 
         51.79550055865365           0.00000045242690 
         51.89088822082429           0.00000046187636 
         51.98627588299492           0.00000044958257 
         52.08166354516555           0.00000044733528 
         52.17705120733618           0.00000045672738 
         52.27243886950681           0.00000044170559 
         52.36782653167744           0.00000045215096 
         52.46321419384808           0.00000043795979 
         52.55860185601871           0.00000044135660 
         52.65398951818935           0.00000044523231 
         52.74937718035997           0.00000043166396 
         52.84476484253061           0.00000044482244 
         52.94015250470125           0.00000042156533 
         53.03554016687188           0.00000043418318 
         53.13092782904251           0.00000042872555 
         53.22631549121314           0.00000043033423 
         53.32170315338378           0.00000042843026 
         53.41709081555440           0.00000041298742 
         53.51247847772504           0.00000042636180 
         53.60786613989567           0.00000041872350 
         53.70325380206631           0.00000041118523 
         53.79864146423694           0.00000041865379 
         53.89402912640757           0.00000041090078 
         53.98941678857821           0.00000041387641 
         54.08480445074883           0.00000040973172 
         54.18019211291947           0.00000040239181 
         54.27557977509010           0.00000040241024 
         54.37096743726074           0.00000040672892 
         54.46635509943137           0.00000040066473 
         54.56174276160201           0.00000040017853 
         54.65713042377264           0.00000039679626 
         54.75251808594327           0.00000039806600 
         54.84790574811390           0.00000039617157 
         54.94329341028453           0.00000038768899 
         55.03868107245517           0.00000038776765 
         55.13406873462580           0.00000038747632 
         55.22945639679644           0.00000038333371 
         55.32484405896707           0.00000038005399 
         55.42023172113770           0.00000038092420 
         55.51561938330833           0.00000038187994 
         55.61100704547896           0.00000038368669 
         55.70639470764959           0.00000037200446 
         55.80178236982023           0.00000037560260 
         55.89717003199086           0.00000036792846 
         55.99255769416150           0.00000037570410 
         56.08794535633213           0.00000036892786 
         56.18333301850276           0.00000036283203 
         56.27872068067340           0.00000037251615 
         56.37410834284403           0.00000036127883 
         56.46949600501466           0.00000036246060 
         56.56488366718529           0.00000035356039 
         56.66027132935593           0.00000035883035 
         56.75565899152655           0.00000036198879 
         56.85104665369719           0.00000035349569 
         56.94643431586782           0.00000034619562 
         57.04182197803846           0.00000035213864 
         57.13720964020909           0.00000035112985 
         57.23259730237972           0.00000035476794 
         57.32798496455036           0.00000033377072 
         57.42337262672098           0.00000034769789 
         57.51876028889162           0.00000034414454 
         57.61414795106225           0.00000033806221 
         57.70953561323289           0.00000034274890 
         57.80492327540352           0.00000032949672 
         57.90031093757415           0.00000033702225 
         57.99569859974478           0.00000033690946 
         58.09108626191541           0.00000033731058 
         58.18647392408605           0.00000032031041 
         58.28186158625668           0.00000032877020 
         58.37724924842732           0.00000033011778 
         58.47263691059795           0.00000032704145 
         58.56802457276859           0.00000032270658 
         58.66341223493922           0.00000032076568 
         58.75879989710985           0.00000032093151 
         58.85418755928048           0.00000031749637 
         58.94957522145111           0.00000031281433 
         59.04496288362175           0.00000031801022 
         59.14035054579238           0.00000031247168 
         59.23573820796302           0.00000031601791 
         59.33112587013365           0.00000030797651 
         59.42651353230428           0.00000030792441 
         59.52190119447491           0.00000031065465 
         59.61728885664554           0.00000030197469 
         59.71267651881617           0.00000030327266 
         59.80806418098681           0.00000030220187 
         59.90345184315744           0.00000030231372 
         59.99883950532808           0.00000029879113 
         60.09422716749871           0.00000029658434 
         60.18961482966934           0.00000029719860 
         60.28500249183998           0.00000029315801 
         60.38039015401061           0.00000029582965 
         60.47577781618124           0.00000029323837 
         60.57116547835187           0.00000028551470 
         60.66655314052251           0.00000028906427 
         60.76194080269313           0.00000028731757 
         60.85732846486377           0.00000028906771 
         60.95271612703440           0.00000028187805 
         61.04810378920504           0.00000028189268 
         61.14349145137567           0.00000028522614 
         61.23887911354630           0.00000027579239 
         61.33426677571694           0.00000028022099 
         61.42965443788756           0.00000027400586 
         61.52504210005820           0.00000027666256 
         61.62042976222883           0.00000027978013 
         61.71581742439947           0.00000026774653 
         61.81120508657010           0.00000027033578 
         61.90659274874074           0.00000026842294 
         62.00198041091137           0.00000026686563 
         62.09736807308200           0.00000026942562 
         62.19275573525263           0.00000025999361 
         62.28814339742327           0.00000026917135 
         62.38353105959390           0.00000025750665 
         62.47891872176453           0.00000026532279 
         62.57430638393516           0.00000026040467 
         62.66969404610580           0.00000025554184 
         62.76508170827643           0.00000026114614 
         62.86046937044706           0.00000025285286 
         62.95585703261769           0.00000025234670 
         63.05124469478833           0.00000025193943 
         63.14663235695896           0.00000025248751 
         63.24202001912959           0.00000025226071 
         63.33740768130024           0.00000024907929 
         63.43279534347086           0.00000024495811 
         63.52818300564149           0.00000024450540 
         63.62357066781212           0.00000024268432 
         63.71895832998276           0.00000024606646 
         63.81434599215339           0.00000024072591 
         63.90973365432402           0.00000024253779 
         64.00512131649465           0.00000023986636 
         64.10050897866529           0.00000023815677 
         64.19589664083593           0.00000023609707 
         64.29128430300655           0.00000023395729 
         64.38667196517720           0.00000023571863 
         64.48205962734782           0.00000023296707 
         64.57744728951845           0.00000022910460 
         64.67283495168908           0.00000022946853 
         64.76822261385972           0.00000022992987 
         64.86361027603036           0.00000022798538 
         64.95899793820098           0.00000023188742 
         65.05438560037162           0.00000022118577 
         65.14977326254225           0.00000022353093 
         65.24516092471288           0.00000022379041 
         65.34054858688351           0.00000022044834 
         65.43593624905415           0.00000022019830 
         65.53132391122479           0.00000022114189 
         65.62671157339541           0.00000021690459 
         65.72209923556605           0.00000021839889 
         65.81748689773669           0.00000021174387 
         65.91287455990731           0.00000021472488 
         66.00826222207795           0.00000021340280 
         66.10364988424857           0.00000020970040 
         66.19903754641922           0.00000021477812 
         66.29442520858984           0.00000020851622 
         66.38981287076048           0.00000020978429 
         66.48520053293112           0.00000020645337 
         66.58058819510174           0.00000020473655 
         66.67597585727238           0.00000020667267 
         66.77136351944300           0.00000020286306 
         66.86675118161365           0.00000020409321 
         66.96213884378427           0.00000020177563 
         67.05752650595491           0.00000019744340 
         67.15291416812553           0.00000020143150 
         67.24830183029617           0.00000019743823 
         67.34368949246681           0.00000019922399 
         67.43907715463743           0.00000019187651 
         67.53446481680808           0.00000019387327 
         67.62985247897871           0.00000019544754 
         67.72524014114934           0.00000019300869 
         67.82062780331997           0.00000019147463 
         67.91601546549060           0.00000018947164 
         68.01140312766124           0.00000019047370 
         68.10679078983186           0.00000018913076 
         68.20217845200251           0.00000018481278 
         68.29756611417314           0.00000018822980 
         68.39295377634377           0.00000018251351 
         68.48834143851440           0.00000018633633 
         68.58372910068503           0.00000018309680 
         68.67911676285567           0.00000018063606 
         68.77450442502629           0.00000018064236 
         68.86989208719693           0.00000018011018 
         68.96527974936757           0.00000018016146 
         69.06066741153821           0.00000017419906 
         69.15605507370883           0.00000017758698 
         69.25144273587947           0.00000017580779 
         69.34683039805010           0.00000017520558 
         69.44221806022073           0.00000017343648 
         69.53760572239136           0.00000017048080 
         69.63299338456200           0.00000017314562 
         69.72838104673264           0.00000017168550 
         69.82376870890326           0.00000016968975 
         69.91915637107388           0.00000016718940 
         70.01454403324453           0.00000016694324 
         70.10993169541516           0.00000016890916 
         70.20531935758579           0.00000016628366 
         70.30070701975643           0.00000016349709 
         70.39609468192707           0.00000016383933 
         70.49148234409769           0.00000016175500 
         70.58687000626831           0.00000016414232 
         70.68225766843897           0.00000015832607 
         70.77764533060959           0.00000016139423 
         70.87303299278023           0.00000015853891 
         70.96842065495085           0.00000016008955 
         71.06380831712150           0.00000015809569 
         71.15919597929212           0.00000015392133 
         71.25458364146274           0.00000015602959 
         71.34997130363340           0.00000015410462 
         71.44535896580402           0.00000015208896 
         71.54074662797466           0.00000015296039 
         71.63613429014528           0.00000015185538 
         71.73152195231593           0.00000015260088 
         71.82690961448655           0.00000015003732 
         71.92229727665718           0.00000014748773 
         72.01768493882781           0.00000014844707 
         72.11307260099845           0.00000014772685 
         72.20846026316909           0.00000014829270 
         72.30384792533971           0.00000014166443 
         72.39923558751036           0.00000014572694 
         72.49462324968098           0.00000014356380 
         72.59001091185161           0.00000014223173 
         72.68539857402224           0.00000014302178 
         72.78078623619288           0.00000014091713 
         72.87617389836352           0.00000014056919 
         72.97156156053414           0.00000013882713 
         73.06694922270478           0.00000013815933 
         73.16233688487542           0.00000013840831 
         73.25772454704604           0.00000013795193 
         73.35311220921668           0.00000013788733 
         73.44849987138731           0.00000013520113 
         73.54388753355795           0.00000013200159 
         73.63927519572857           0.00000013342262 
         73.73466285789921           0.00000013366667 
         73.83005052006985           0.00000013333609 
         73.92543818224047           0.00000013091471 
         74.02082584441111           0.00000012918591 
         74.11621350658173           0.00000012989756 
         74.21160116875238           0.00000013068822 
         74.30698883092300           0.00000012630601 
         74.40237649309364           0.00000012860984 
         74.49776415526428           0.00000012705767 
         74.59315181743490           0.00000012532892 
         74.68853947960554           0.00000012471237 
         74.78392714177616           0.00000012400904 
         74.87931480394681           0.00000012435749 
         74.97470246611744           0.00000012370062 
         75.07009012828807           0.00000012168535 
         75.16547779045870           0.00000012006199 
         75.26086545262933           0.00000011878583 
         75.35625311479997           0.00000012173172 
         75.45164077697059           0.00000011925967 
         75.54702843914124           0.00000011708355 
         75.64241610131187           0.00000011931188 
         75.73780376348250           0.00000011574312 
         75.83319142565313           0.00000011781571 
         75.92857908782376           0.00000011313268 
         76.02396674999440           0.00000011453777 
         76.11935441216502           0.00000011615215 
         76.21474207433566           0.00000011143534 
         76.31012973650630           0.00000011359554 
         76.40551739867694           0.00000011072615 
         76.50090506084756           0.00000011113403 
         76.59629272301820           0.00000011172090 
         76.69168038518883           0.00000010851420 
         76.78706804735946           0.00000010983736 
         76.88245570953009           0.00000010855005 
         76.97784337170073           0.00000010764990 
         77.07323103387137           0.00000010760447 
         77.16861869604199           0.00000010513816 
         77.26400635821261           0.00000010736367 
         77.35939402038326           0.00000010421031 
         77.45478168255389           0.00000010555985 
         77.55016934472452           0.00000010245707 
         77.64555700689516           0.00000010268933 
         77.74094466906580           0.00000010388131 
         77.83633233123642           0.00000010155487 
         77.93171999340704           0.00000010167438 
         78.02710765557769           0.00000009895781 
         78.12249531774832           0.00000010092885 
         78.21788297991895           0.00000009925099 
         78.31327064208958           0.00000009773592 
         78.40865830426023           0.00000009803501 
         78.50404596643085           0.00000009744463 
         78.59943362860147           0.00000009743950 
         78.69482129077213           0.00000009569933 
         78.79020895294275           0.00000009498648 
         78.88559661511339           0.00000009678544 
         78.98098427728401           0.00000009366068 
         79.07637193945466           0.00000009383613 
         79.17175960162528           0.00000009172975 
         79.26714726379591           0.00000009270388 
         79.36253492596656           0.00000009247339 
         79.45792258813718           0.00000009118769 
         79.55331025030782           0.00000009076813 
         79.64869791247844           0.00000009000252 
         79.74408557464909           0.00000008985405 
         79.83947323681971           0.00000008958374 
         79.93486089899034           0.00000008704489 
         80.03024856116097           0.00000008817975 
         80.12563622333161           0.00000008685828 
         80.22102388550225           0.00000008730513 
         80.31641154767287           0.00000008594283 
         80.41179920984352           0.00000008475802 
         80.50718687201415           0.00000008572355 
         80.60257453418477           0.00000008390487 
         80.69796219635541           0.00000008493961 
         80.79334985852604           0.00000008198585 
         80.88873752069668           0.00000008286705 
         80.98412518286730           0.00000008326869 
         81.07951284503794           0.00000008165482 
         81.17490050720858           0.00000008140707 
         81.27028816937920           0.00000007971618 
         81.36567583154984           0.00000008010508 
         81.46106349372047           0.00000008007372 
         81.55645115589111           0.00000007904632 
         81.65183881806173           0.00000007914504 
         81.74722648023237           0.00000007714253 
         81.84261414240301           0.00000007798547 
         81.93800180457363           0.00000007687380 
         82.03338946674427           0.00000007607516 
         82.12877712891489           0.00000007626337 
         82.22416479108554           0.00000007529580 
         82.31955245325617           0.00000007614251 
         82.41494011542680           0.00000007336973 
         82.51032777759744           0.00000007395427 
         82.60571543976806           0.00000007385864 
         82.70110310193870           0.00000007339813 
         82.79649076410932           0.00000007223419 
         82.89187842627997           0.00000007116391 
         82.98726608845060           0.00000007165442 
         83.08265375062123           0.00000007059082 
         83.17804141279186           0.00000007058225 
         83.27342907496249           0.00000007053834 
         83.36881673713313           0.00000007019305 
         83.46420439930375           0.00000006941149 
         83.55959206147441           0.00000006798586 
         83.65497972364503           0.00000006828449 
         83.75036738581567           0.00000006741478 
         83.84575504798629           0.00000006808692 
         83.94114271015693           0.00000006805199 
         84.03653037232756           0.00000006498192 
         84.13191803449819           0.00000006616283 
         84.22730569666882           0.00000006514813 
         84.32269335883946           0.00000006594747 
         84.41808102101010           0.00000006458388 
         84.51346868318072           0.00000006311659 
         84.60885634535136           0.00000006474179 
         84.70424400752199           0.00000006257471 
         84.79963166969262           0.00000006269311 
         84.89501933186325           0.00000006223162 
         84.99040699403389           0.00000006229162 
         85.08579465620453           0.00000006343222 
         85.18118231837515           0.00000005947567 
         85.27656998054577           0.00000006121768 
         85.37195764271642           0.00000006026846 
         85.46734530488705           0.00000005993183 
         85.56273296705768           0.00000006086330 
         85.65812062922832           0.00000005754474 
         85.75350829139896           0.00000005967224 
         85.84889595356958           0.00000005776266 
         85.94428361574020           0.00000005789338 
         86.03967127791086           0.00000005759232 
         86.13505894008148           0.00000005659644 
         86.23044660225212           0.00000005760040 
         86.32583426442274           0.00000005640497 
         86.42122192659339           0.00000005493735 
         86.51660958876401           0.00000005590072 
         86.61199725093464           0.00000005511099 
         86.70738491310529           0.00000005559586 
         86.80277257527591           0.00000005424619 
         86.89816023744655           0.00000005365189 
         86.99354789961717           0.00000005360901 
         87.08893556178782           0.00000005331977 
         87.18432322395844           0.00000005360224 
         87.27971088612907           0.00000005140709 
         87.37509854829970           0.00000005306008 
         87.47048621047034           0.00000005184305 
         87.56587387264098           0.00000005126324 
         87.66126153481160           0.00000005022518 
         87.75664919698225           0.00000005102457 
         87.85203685915288           0.00000005073247 
         87.94742452132350           0.00000005013828 
         88.04281218349414           0.00000004974172 
         88.13819984566477           0.00000004897059 
         88.23358750783541           0.00000004903197 
         88.32897517000603           0.00000004852149 
         88.42436283217667           0.00000004850015 
         88.51975049434731           0.00000004798776 
         88.61513815651793           0.00000004716791 
         88.71052581868857           0.00000004765128 
         88.80591348085920           0.00000004667517 
         88.90130114302984           0.00000004647028 
         88.99668880520046           0.00000004651201 
         89.09207646737110           0.00000004575356 
         89.18746412954174           0.00000004611621 
         89.28285179171236           0.00000004471729 
         89.37823945388300           0.00000004511122 
         89.47362711605362           0.00000004505396 
         89.56901477822427           0.00000004390959 
         89.66440244039490           0.00000004428073 
         89.75979010256553           0.00000004349570 
         89.85517776473617           0.00000004361832 
         89.95056542690679           0.00000004277950 
         90.04595308907743           0.00000004243569 
         90.14134075124805           0.00000004268946 
         90.23672841341870           0.00000004216313 
         90.33211607558933           0.00000004243465 
         90.42750373775996           0.00000004143136 
         90.52289139993059           0.00000004066780 
         90.61827906210122           0.00000004116226 
         90.71366672427186           0.00000004058568 
         90.80905438644248           0.00000004096322 
         90.90444204861313           0.00000003961091 
         90.99982971078376           0.00000003984748 
         91.09521737295439           0.00000003999824 
         91.19060503512502           0.00000003892226 
         91.28599269729565           0.00000003899600 
         91.38138035946629           0.00000003838223 
         91.47676802163691           0.00000003865142 
         91.57215568380755           0.00000003855513 
         91.66754334597819           0.00000003700243 
         91.76293100814883           0.00000003776789 
         91.85831867031945           0.00000003722634 
         91.95370633249009           0.00000003744011 
         92.04909399466072           0.00000003650943 
         92.14448165683135           0.00000003628119 
         92.23986931900198           0.00000003640077 
         92.33525698117262           0.00000003565660 
         92.43064464334326           0.00000003626486 
         92.52603230551388           0.00000003503765 
         92.62141996768452           0.00000003503246 
         92.71680762985515           0.00000003516368 
         92.81219529202578           0.00000003490274 
         92.90758295419641           0.00000003413401 
         93.00297061636705           0.00000003400436 
         93.09835827853769           0.00000003413084 
         93.19374594070831           0.00000003388021 
         93.28913360287895           0.00000003345524 
         93.38452126504959           0.00000003297386 
         93.47990892722021           0.00000003291384 
         93.57529658939085           0.00000003299608 
         93.67068425156148           0.00000003204857 
         93.76607191373212           0.00000003240140 
         93.86145957590274           0.00000003209445 
         93.95684723807338           0.00000003184788 
         94.05223490024402           0.00000003188796 
         94.14762256241464           0.00000003061371 
         94.24301022458528           0.00000003146055 
         94.33839788675590           0.00000003069846 
         94.43378554892655           0.00000003095623 
         94.52917321109717           0.00000003025435 
         94.62456087326781           0.00000002988976 
         94.71994853543845           0.00000003005933 
         94.81533619760907           0.00000002959328 
         94.91072385977971           0.00000002962092 
         95.00611152195033           0.00000002965866 
         95.10149918412098           0.00000002885117 
         95.19688684629161           0.00000002919466 
         95.29227450846224           0.00000002823164 
         95.38766217063287           0.00000002840815 
         95.48304983280350           0.00000002850302 
         95.57843749497414           0.00000002784280 
         95.67382515714476           0.00000002820011 
         95.76921281931541           0.00000002717834 
         95.86460048148604           0.00000002775960 
         95.95998814365667           0.00000002754563 
         96.05537580582730           0.00000002683729 
         96.15076346799793           0.00000002704618 
         96.24615113016857           0.00000002644382 
         96.34153879233919           0.00000002663367 
         96.43692645450983           0.00000002620813 
         96.53231411668047           0.00000002582410 
         96.62770177885111           0.00000002607712 
         96.72308944102173           0.00000002560329 
         96.81847710319237           0.00000002550932 
         96.91386476536300           0.00000002510956 
         97.00925242753363           0.00000002509860 
         97.10464008970426           0.00000002489302 
         97.20002775187490           0.00000002506117 
         97.29541541404554           0.00000002455827 
         97.39080307621616           0.00000002438403 
         97.48619073838678           0.00000002422980 
         97.58157840055743           0.00000002406519 
         97.67696606272806           0.00000002413041 
         97.77235372489869           0.00000002341575 
         97.86774138706933           0.00000002348389 
         97.96312904923997           0.00000002360746 
         98.05851671141059           0.00000002315178 
         98.15390437358121           0.00000002280089 
         98.24929203575186           0.00000002274580 
         98.34467969792249           0.00000002287244 
         98.44006736009312           0.00000002259423 
         98.53545502226375           0.00000002216426 
         98.63084268443440           0.00000002221266 
         98.72623034660502           0.00000002194714 
         98.82161800877564           0.00000002209592 
         98.91700567094630           0.00000002185589 
         99.01239333311692           0.00000002135941 
         99.10778099528756           0.00000002156727 
         99.20316865745818           0.00000002109675 
         99.29855631962883           0.00000002121626 
         99.39394398179945           0.00000002067346 
         99.48933164397008           0.00000002077793 
         99.58471930614071           0.00000002074602 
         99.68010696831135           0.00000002060665 
         99.77549463048199           0.00000002035568 
         99.87088229265261           0.00000001999794 
         99.96626995482326           0.00000002003317 
        100.06165761699388           0.00000002002342 
        100.15704527916451           0.00000001956217 
        100.25243294133514           0.00000001962271 
        100.34782060350578           0.00000001957177 
        100.44320826567642           0.00000001947810 
        100.53859592784704           0.00000001923253 
        100.63398359001768           0.00000001876766 
        100.72937125218832           0.00000001903735 
        100.82475891435894           0.00000001865479 
        100.92014657652958           0.00000001891363 
        101.01553423870021           0.00000001847047 
        101.11092190087085           0.00000001810191 
        101.20630956304147           0.00000001838561 
        101.30169722521211           0.00000001800945 
        101.39708488738275           0.00000001798022 
        101.49247254955337           0.00000001790105 
        101.58786021172401           0.00000001776760 
        101.68324787389463           0.00000001771385 
        101.77863553606528           0.00000001720452 
        101.87402319823590           0.00000001741242 
        101.96941086040654           0.00000001726484 
        102.06479852257718           0.00000001722254 
        102.16018618474780           0.00000001698010 
        102.25557384691844           0.00000001663088 
        102.35096150908906           0.00000001689535 
        102.44634917125971           0.00000001667526 
        102.54173683343033           0.00000001658361 
        102.63712449560097           0.00000001630247 
        102.73251215777159           0.00000001631000 
        102.82789981994223           0.00000001635132 
        102.92328748211287           0.00000001602051 
        103.01867514428349           0.00000001578872 
        103.11406280645414           0.00000001578033 
        103.20945046862477           0.00000001588086 
        103.30483813079540           0.00000001579051 
        103.40022579296603           0.00000001531338 
        103.49561345513666           0.00000001530505 
        103.59100111730730           0.00000001531323 
        103.68638877947792           0.00000001538035 
        103.78177644164857           0.00000001505241 
        103.87716410381920           0.00000001494793 
        103.97255176598983           0.00000001493571 
        104.06793942816046           0.00000001472774 
        104.16332709033109           0.00000001476980 
        104.25871475250173           0.00000001438006 
        104.35410241467235           0.00000001457435 
        104.44949007684299           0.00000001459724 
        104.54487773901363           0.00000001424743 
        104.64026540118427           0.00000001412925 
        104.73565306335489           0.00000001398941 
        104.83104072552553           0.00000001407443 
        104.92642838769616           0.00000001403861 
        105.02181604986679           0.00000001368879 
        105.11720371203742           0.00000001386896 
        105.21259137420806           0.00000001352260 
        105.30797903637870           0.00000001367962 
        105.40336669854932           0.00000001335316 
        105.49875436071994           0.00000001327456 
        105.59414202289059           0.00000001351503 
        105.68952968506122           0.00000001314742 
        105.78491734723185           0.00000001312439 
        105.88030500940249           0.00000001297093 
        105.97569267157313           0.00000001295947 
        106.07108033374375           0.00000001303005 
        106.16646799591437           0.00000001276385 
        106.26185565808503           0.00000001262847 
        106.35724332025565           0.00000001252939 
        106.45263098242629           0.00000001262184 
        106.54801864459691           0.00000001262891 
        106.64340630676756           0.00000001231206 
        106.73879396893818           0.00000001235609 
        106.83418163110881           0.00000001223412 
        106.92956929327946           0.00000001216154 
        107.02495695545008           0.00000001199763 
        107.12034461762072           0.00000001199845 
        107.21573227979134           0.00000001200065 
        107.31111994196199           0.00000001183515 
        107.40650760413261           0.00000001176063 
        107.50189526630324           0.00000001167416 
        107.59728292847387           0.00000001173166 
        107.69267059064451           0.00000001159296 
        107.78805825281515           0.00000001158530 
        107.88344591498577           0.00000001131474 
        107.97883357715642           0.00000001136992 
        108.07422123932704           0.00000001138757 
        108.16960890149767           0.00000001126093 
        108.26499656366830           0.00000001115913 
        108.36038422583894           0.00000001115303 
        108.45577188800958           0.00000001095445 
        108.55115955018020           0.00000001112277 
        108.64654721235084           0.00000001081309 
        108.74193487452148           0.00000001084550 
        108.83732253669210           0.00000001083595 
        108.93271019886274           0.00000001077555 
        109.02809786103337           0.00000001066967 
        109.12348552320401           0.00000001056656 
        109.21887318537463           0.00000001060297 
        109.31426084754527           0.00000001048206 
        109.40964850971591           0.00000001044425 
        109.50503617188653           0.00000001037424 
        109.60042383405717           0.00000001028231 
        109.69581149622779           0.00000001040237 
        109.79119915839844           0.00000001027225 
        109.88658682056906           0.00000001002307 
        109.98197448273970           0.00000001013277 
        110.07736214491034           0.00000000995541 
        110.17274980708096           0.00000001016669 
        110.26813746925160           0.00000000984851 
        110.36352513142222           0.00000000988567 
        110.45891279359287           0.00000000991738 
        110.55430045576350           0.00000000983355 
        110.64968811793413           0.00000000974603 
        110.74507578010476           0.00000000956367 
        110.84046344227539           0.00000000970746 
        110.93585110444603           0.00000000964244 
        111.03123876661665           0.00000000958800 
        111.12662642878730           0.00000000951408 
        111.22201409095793           0.00000000940790 
        111.31740175312856           0.00000000947000 
        111.41278941529919           0.00000000939955 
        111.50817707746982           0.00000000930534 
        111.60356473964046           0.00000000928010 
        111.69895240181108           0.00000000924538 
        111.79434006398172           0.00000000924788 
        111.88972772615236           0.00000000901874 
        111.98511538832300           0.00000000917826 
        112.08050305049362           0.00000000910269 
        112.17589071266426           0.00000000910431 
        112.27127837483489           0.00000000895054 
        112.36666603700552           0.00000000886136 
        112.46205369917615           0.00000000894752 
        112.55744136134679           0.00000000890861 
        112.65282902351743           0.00000000889159 
        112.74821668568805           0.00000000878146 
        112.84360434785867           0.00000000867000 
        112.93899201002932           0.00000000878570 
        113.03437967219995           0.00000000872320 
        113.12976733437058           0.00000000862829 
        113.22515499654122           0.00000000859391 
        113.32054265871186           0.00000000870123 
        113.41593032088248           0.00000000856360 
        113.51131798305310           0.00000000838418 
        113.60670564522376           0.00000000852935 
        113.70209330739438           0.00000000841439 
        113.79748096956502           0.00000000849516 
        113.89286863173564           0.00000000840874 
        113.98825629390629           0.00000000822464 
        114.08364395607691           0.00000000841634 
        114.17903161824754           0.00000000828166 
        114.27441928041819           0.00000000826595 
        114.36980694258881           0.00000000825858 
        114.46519460475945           0.00000000817204 
        114.56058226693007           0.00000000836177 
        114.65596992910072           0.00000000803417 
        114.75135759127134           0.00000000802786 
        114.84674525344197           0.00000000809696 
        114.94213291561260           0.00000000805702 
        115.03752057778324           0.00000000826432 
        115.13290823995388           0.00000000782901 
        115.22829590212450           0.00000000800785 
        115.32368356429515           0.00000000798592 
        115.41907122646577           0.00000000795292 
        115.51445888863640           0.00000000795078 
        115.60984655080703           0.00000000782841 
        115.70523421297767           0.00000000790707 
        115.80062187514831           0.00000000784337 
        115.89600953731893           0.00000000779461 
        115.99139719948957           0.00000000788714 
        116.08678486166021           0.00000000773222 
        116.18217252383083           0.00000000787376 
        116.27756018600147           0.00000000776128 
        116.37294784817210           0.00000000759675 
        116.46833551034274           0.00000000769451 
        116.56372317251336           0.00000000767306 
        116.65911083468400           0.00000000777512 
        116.75449849685464           0.00000000756287 
        116.84988615902526           0.00000000763812 
        116.94527382119590           0.00000000755881 
        117.04066148336653           0.00000000766542 
        117.13604914553717           0.00000000744591 
        117.23143680770779           0.00000000760345 
        117.32682446987843           0.00000000753246 
        117.42221213204907           0.00000000757154 
        117.51759979421969           0.00000000747317 
        117.61298745639033           0.00000000741041 
        117.70837511856095           0.00000000747395 
        117.80376278073160           0.00000000749149 
        117.89915044290223           0.00000000743153 
        117.99453810507286           0.00000000740067 
        118.08992576724350           0.00000000735515 
        118.18531342941412           0.00000000744314 
        118.28070109158476           0.00000000741210 
        118.37608875375538           0.00000000733151 
        118.47147641592603           0.00000000735772 
        118.56686407809666           0.00000000728158 
        118.66225174026729           0.00000000739496 
        118.75763940243792           0.00000000723372 
        118.85302706460855           0.00000000729078 
        118.94841472677919           0.00000000737594 
        119.04380238894981           0.00000000724886 
        119.13919005112047           0.00000000730336 
        119.23457771329109           0.00000000716156 
        119.32996537546173           0.00000000725726 
        119.42535303763235           0.00000000725790 
        119.52074069980299           0.00000000712792 
        119.61612836197362           0.00000000727930 
        119.71151602414425           0.00000000710578 
        119.80690368631488           0.00000000725098 
        119.90229134848552           0.00000000722170 
        119.99767901065616           0.00000000704999 
        120.09306667282678           0.00000000726915 
        120.18845433499742           0.00000000706430 
        120.28384199716805           0.00000000722814 
        120.37922965933868           0.00000000705112 
        120.47461732150931           0.00000000707230 
        120.57000498367995           0.00000000720638 
        120.66539264585059           0.00000000707102 
        120.76078030802121           0.00000000711263 
        120.85616797019183           0.00000000702095 
        120.95155563236248           0.00000000708396 
        121.04694329453311           0.00000000711903 
        121.14233095670374           0.00000000701384 
        121.23771861887438           0.00000000708137 
        121.33310628104502           0.00000000698587 
        121.42849394321564           0.00000000711613 
        121.52388160538626           0.00000000709895 
        121.61926926755692           0.00000000690784 
        121.71465692972754           0.00000000705272 
        121.81004459189818           0.00000000699393 
        121.90543225406880           0.00000000708409 
        122.00081991623945           0.00000000693175 
        122.09620757841007           0.00000000699846 
        122.19159524058070           0.00000000703066 
        122.28698290275135           0.00000000699531 
        122.38237056492197           0.00000000694064 
        122.47775822709261           0.00000000692997 
        122.57314588926323           0.00000000698700 
        122.66853355143388           0.00000000697591 
        122.76392121360450           0.00000000697579 
        122.85930887577513           0.00000000694008 
        122.95469653794576           0.00000000693385 
        123.05008420011640           0.00000000699953 
        123.14547186228704           0.00000000698001 
        123.24085952445766           0.00000000689442 
        123.33624718662831           0.00000000695078 
        123.43163484879894           0.00000000687318 
        123.52702251096956           0.00000000700579 
        123.62241017314020           0.00000000682412 
        123.71779783531083           0.00000000697891 
        123.81318549748147           0.00000000691620 
        123.90857315965209           0.00000000695330 
        124.00396082182273           0.00000000689107 
        124.09934848399337           0.00000000683725 
        124.19473614616399           0.00000000694998 
        124.29012380833463           0.00000000688185 
        124.38551147050525           0.00000000689548 
        124.48089913267590           0.00000000693758 
        124.57628679484654           0.00000000684598 
        124.67167445701716           0.00000000694766 
        124.76706211918780           0.00000000684571 
        124.86244978135841           0.00000000685235 
        124.95783744352906           0.00000000697338 
        125.05322510569970           0.00000000689116 
        125.14861276787032           0.00000000694490 
        125.24400043004096           0.00000000681877 
        125.33938809221161           0.00000000687145 
        125.43477575438222           0.00000000694065 
        125.53016341655285           0.00000000689805 
        125.62555107872350           0.00000000689419 
        125.72093874089411           0.00000000680580 
        125.81632640306476           0.00000000692059 
        125.91171406523537           0.00000000691380 
        126.00710172740602           0.00000000683781 
        126.10248938957666           0.00000000689296 
        126.19787705174727           0.00000000689129 
        126.29326471391792           0.00000000692055 
        126.38865237608856           0.00000000681483 
        126.48404003825918           0.00000000682909 
        126.57942770042982           0.00000000688640 
        126.67481536260047           0.00000000696304 
        126.77020302477108           0.00000000693287 
        126.86559068694172           0.00000000685412 
        126.96097834911234           0.00000000685757 
        127.05636601128298           0.00000000686215 
        127.15175367345363           0.00000000693423 
        127.24714133562424           0.00000000686142 
        127.34252899779489           0.00000000685560 
        127.43791665996552           0.00000000694518 
        127.53330432213613           0.00000000684250 
        127.62869198430678           0.00000000693184 
        127.72407964647742           0.00000000685197 
        127.81946730864804           0.00000000691397 
        127.91485497081868           0.00000000695524 
        128.01024263298930           0.00000000686694 
        128.10563029515995           0.00000000691668 
        128.20101795733058           0.00000000685378 
        128.29640561950120           0.00000000693710 
        128.39179328167185           0.00000000701458 
        128.48718094384247           0.00000000680615 
        128.58256860601310           0.00000000700562 
        128.67795626818375           0.00000000681810 
        128.77334393035440           0.00000000698021 
        128.86873159252499           0.00000000688110 
        128.96411925469565           0.00000000689027 
        129.05950691686627           0.00000000697683 
        129.15489457903689           0.00000000692001 
        129.25028224120754           0.00000000690624 
        129.34566990337817           0.00000000688987 
        129.44105756554882           0.00000000693735 
        129.53644522771944           0.00000000705015 
        129.63183288989006           0.00000000688697 
        129.72722055206071           0.00000000695828 
        129.82260821423134           0.00000000695843 
        129.91799587640196           0.00000000698248 
        130.01338353857261           0.00000000705499 
        130.10877120074323           0.00000000681196 
        130.20415886291386           0.00000000696948 
        130.29954652508451           0.00000000695263 
        130.39493418725513           0.00000000704617 
        130.49032184942575           0.00000000691999 
        130.58570951159641           0.00000000695151 
        130.68109717376703           0.00000000703585 
        130.77648483593768           0.00000000694051 
        130.87187249810830           0.00000000702729 
        130.96726016027893           0.00000000694451 
        131.06264782244958           0.00000000696873 
        131.15803548462017           0.00000000708192 
        131.25342314679082           0.00000000692572 
        131.34881080896147           0.00000000703531 
        131.44419847113210           0.00000000700928 
        131.53958613330272           0.00000000709141 
        131.63497379547337           0.00000000699924 
        131.73036145764399           0.00000000692330 
        131.82574911981462           0.00000000703943 
        131.92113678198527           0.00000000702073 
        132.01652444415589           0.00000000715348 
        132.11191210632654           0.00000000693320 
        132.20729976849714           0.00000000703558 
        132.30268743066779           0.00000000707533 
        132.39807509283844           0.00000000709033 
        132.49346275500903           0.00000000701111 
        132.58885041717969           0.00000000701778 
        132.68423807935034           0.00000000710478 
        132.77962574152096           0.00000000711717 
        132.87501340369158           0.00000000700174 
        132.97040106586223           0.00000000703278 
        133.06578872803286           0.00000000709655 
        133.16117639020348           0.00000000716298 
        133.25656405237410           0.00000000706303 
        133.35195171454475           0.00000000702399 
        133.44733937671541           0.00000000708377 
        133.54272703888600           0.00000000709843 
        133.63811470105665           0.00000000724588 
        133.73350236322730           0.00000000701843 
        133.82889002539790           0.00000000711779 
        133.92427768756855           0.00000000714691 
        134.01966534973920           0.00000000709353 
        134.11505301190982           0.00000000711143 
        134.21044067408044           0.00000000708113 
        134.30582833625107           0.00000000714710 
        134.40121599842172           0.00000000717709 
        134.49660366059234           0.00000000712383 
        134.59199132276296           0.00000000717635 
        134.68737898493362           0.00000000710062 
        134.78276664710427           0.00000000717816 
        134.87815430927486           0.00000000713349 
        134.97354197144551           0.00000000716302 
        135.06892963361616           0.00000000721429 
        135.16431729578676           0.00000000709566 
        135.25970495795741           0.00000000726045 
        135.35509262012806           0.00000000711658 
        135.45048028229868           0.00000000721600 
        135.54586794446931           0.00000000720985 
        135.64125560663993           0.00000000720475 
        135.73664326881058           0.00000000718522 
        135.83203093098120           0.00000000712897 
        135.92741859315183           0.00000000725355 
        136.02280625532248           0.00000000720567 
        136.11819391749313           0.00000000724437 
        136.21358157966372           0.00000000721066 
        136.30896924183438           0.00000000719980 
        136.40435690400503           0.00000000725621 
        136.49974456617562           0.00000000717320 
        136.59513222834627           0.00000000727275 
        136.69051989051690           0.00000000722708 
        136.78590755268755           0.00000000725708 
        136.88129521485817           0.00000000727994 
        136.97668287702879           0.00000000714228 
        137.07207053919944           0.00000000733402 
        137.16745820137007           0.00000000722361 
        137.26284586354069           0.00000000728354 
        137.35823352571134           0.00000000730839 
        137.45362118788199           0.00000000719156 
        137.54900885005259           0.00000000733815 
        137.64439651222324           0.00000000725286 
        137.73978417439386           0.00000000724383 
        137.83517183656448           0.00000000731026 
        137.93055949873514           0.00000000719033 
        138.02594716090576           0.00000000741995 
        138.12133482307641           0.00000000717667 
        138.21672248524703           0.00000000732637 
        138.31211014741766           0.00000000733157 
        138.40749780958831           0.00000000727237 
        138.50288547175893           0.00000000744260 
        138.59827313392955           0.00000000719962 
        138.69366079610020           0.00000000729909 
        138.78904845827083           0.00000000735514 
        138.88443612044145           0.00000000729772 
        138.97982378261210           0.00000000734745 
        139.07521144478272           0.00000000724482 
        139.17059910695335           0.00000000741261 
        139.26598676912400           0.00000000737494 
        139.36137443129462           0.00000000724501 
        139.45676209346527           0.00000000740978 
        139.55214975563590           0.00000000724606 
        139.64753741780652           0.00000000739754 
        139.74292507997717           0.00000000730760 
        139.83831274214776           0.00000000731298 
        139.93370040431842           0.00000000737099 
        140.02908806648907           0.00000000735440 
        140.12447572865969           0.00000000739267 
        140.21986339083031           0.00000000733574 
        140.31525105300096           0.00000000734586 
        140.41063871517159           0.00000000737464 
        140.50602637734221           0.00000000740319 
        140.60141403951286           0.00000000730452 
        140.69680170168348           0.00000000736871 
        140.79218936385413           0.00000000740335 
        140.88757702602473           0.00000000739256 
        140.98296468819538           0.00000000733908 
        141.07835235036603           0.00000000732875 
        141.17374001253663           0.00000000740890 
        141.26912767470728           0.00000000738332 
        141.36451533687793           0.00000000735739 
        141.45990299904855           0.00000000741441 
        141.55529066121917           0.00000000738093 
        141.65067832338983           0.00000000739889 
        141.74606598556045           0.00000000735182 
        141.84145364773107           0.00000000732143 
        141.93684130990169           0.00000000742413 
        142.03222897207235           0.00000000742159 
        142.12761663424300           0.00000000745729 
        142.22300429641359           0.00000000735224 
        142.31839195858424           0.00000000736883 
        142.41377962075489           0.00000000745383 
        142.50916728292549           0.00000000737231 
        142.60455494509614           0.00000000739319 
        142.69994260726679           0.00000000737749 
        142.79533026943741           0.00000000741275 
        142.89071793160804           0.00000000743910 
        142.98610559377866           0.00000000731080 
        143.08149325594931           0.00000000745972 
        143.17688091811993           0.00000000740237 
        143.27226858029056           0.00000000750595 
        143.36765624246121           0.00000000736474 
        143.46304390463186           0.00000000732189 
        143.55843156680245           0.00000000743506 
        143.65381922897311           0.00000000743243 
        143.74920689114376           0.00000000747586 
        143.84459455331435           0.00000000738764 
        143.93998221548500           0.00000000739107 
        144.03536987765563           0.00000000747360 
        144.13075753982628           0.00000000734158 
        144.22614520199690           0.00000000742722 
        144.32153286416752           0.00000000741151 
        144.41692052633817           0.00000000740288 
        144.51230818850880           0.00000000751021 
        144.60769585067942           0.00000000732283 
        144.70308351285007           0.00000000742608 
        144.79847117502072           0.00000000740000 
        144.89385883719132           0.00000000745753 
        144.98924649936197           0.00000000746210 
        145.08463416153259           0.00000000737365 
        145.18002182370321           0.00000000741879 
        145.27540948587387           0.00000000745034 
        145.37079714804449           0.00000000747585 
        145.46618481021514           0.00000000735216 
        145.56157247238576           0.00000000740742 
        145.65696013455639           0.00000000749487 
        145.75234779672704           0.00000000740303 
        145.84773545889766           0.00000000735586 
        145.94312312106828           0.00000000742160 
        146.03851078323893           0.00000000746539 
        146.13389844540956           0.00000000753253 
        146.22928610758018           0.00000000737849 
        146.32467376975083           0.00000000743076 
        146.42006143192145           0.00000000732896 
        146.51544909409208           0.00000000747660 
        146.61083675626273           0.00000000739852 
        146.70622441843335           0.00000000745806 
        146.80161208060400           0.00000000740972 
        146.89699974277463           0.00000000741735 
        146.99238740494525           0.00000000750974 
        147.08777506711590           0.00000000730102 
        147.18316272928649           0.00000000751445 
        147.27855039145714           0.00000000742316 
        147.37393805362780           0.00000000739131 
        147.46932571579842           0.00000000741054 
        147.56471337796904           0.00000000734989 
        147.66010104013969           0.00000000748187 
        147.75548870231032           0.00000000745612 
        147.85087636448094           0.00000000736636 
        147.94626402665159           0.00000000747318 
        148.04165168882221           0.00000000741415 
        148.13703935099286           0.00000000739688 
        148.23242701316346           0.00000000742809 
        148.32781467533411           0.00000000736042 
        148.42320233750476           0.00000000751961 
        148.51858999967536           0.00000000738621 
        148.61397766184601           0.00000000743918 
        148.70936532401666           0.00000000738819 
        148.80475298618728           0.00000000735234 
        148.90014064835790           0.00000000751801 
        148.99552831052856           0.00000000735623 
        149.09091597269918           0.00000000740829 
        149.18630363486980           0.00000000739859 
        149.28169129704042           0.00000000738987 
        149.37707895921108           0.00000000749344 
        149.47246662138173           0.00000000732687 
        149.56785428355232           0.00000000738430 
        149.66324194572297           0.00000000741118 
        149.75862960789362           0.00000000743074 
        149.85401727006422           0.00000000734062 
        149.94940493223487           0.00000000736971 
        150.04479259440552           0.00000000747135 
        150.14018025657614           0.00000000741611 
        150.23556791874677           0.00000000740162 
        150.33095558091739           0.00000000733240 
        150.42634324308804           0.00000000736680 
        150.52173090525866           0.00000000739286 
        150.61711856742929           0.00000000744443 
        150.71250622959994           0.00000000739059 
        150.80789389177059           0.00000000735915 
        150.90328155394118           0.00000000743349 
        150.99866921611184           0.00000000735318 
        151.09405687828249           0.00000000737571 
        151.18944454045308           0.00000000737135 
        151.28483220262373           0.00000000733831 
        151.38021986479436           0.00000000743166 
        151.47560752696501           0.00000000734379 
        151.57099518913563           0.00000000736410 
        151.66638285130625           0.00000000734913 
        151.76177051347690           0.00000000737391 
        151.85715817564753           0.00000000734843 
        151.95254583781815           0.00000000732056 
        152.04793349998880           0.00000000741254 
        152.14332116215945           0.00000000736431 
        152.23870882433005           0.00000000734514 
        152.33409648650070           0.00000000732495 
        152.42948414867132           0.00000000731332 
        152.52487181084194           0.00000000739876 
        152.62025947301260           0.00000000733497 
        152.71564713518322           0.00000000733424 
        152.81103479735387           0.00000000736535 
        152.90642245952449           0.00000000726188 
        153.00181012169512           0.00000000741193 
        153.09719778386577           0.00000000728361 
        153.19258544603639           0.00000000736356 
        153.28797310820701           0.00000000732589 
        153.38336077037766           0.00000000727787 
        153.47874843254829           0.00000000736009 
        153.57413609471891           0.00000000719322 
        153.66952375688956           0.00000000739461 
        153.76491141906018           0.00000000731084 
        153.86029908123081           0.00000000733508 
        153.95568674340146           0.00000000733294 
        154.05107440557208           0.00000000718151 
        154.14646206774273           0.00000000738766 
        154.24184972991335           0.00000000726834 
        154.33723739208398           0.00000000724114 
        154.43262505425463           0.00000000739627 
        154.52801271642522           0.00000000721455 
        154.62340037859587           0.00000000736214 
        154.71878804076653           0.00000000715847 
        154.81417570293715           0.00000000730028 
        154.90956336510777           0.00000000731993 
        155.00495102727842           0.00000000724442 
        155.10033868944905           0.00000000726946 
        155.19572635161967           0.00000000719772 
        155.29111401379032           0.00000000727623 
        155.38650167596094           0.00000000727347 
        155.48188933813159           0.00000000724607 
        155.57727700030219           0.00000000727724 
        155.67266466247284           0.00000000722839 
        155.76805232464349           0.00000000722953 
        155.86343998681409           0.00000000727081 
        155.95882764898474           0.00000000717150 
        156.05421531115539           0.00000000719259 
        156.14960297332601           0.00000000724424 
        156.24499063549663           0.00000000732149 
        156.34037829766729           0.00000000711078 
        156.43576595983791           0.00000000719364 
        156.53115362200853           0.00000000718952 
        156.62654128417915           0.00000000724715 
        156.72192894634981           0.00000000721243 
        156.81731660852046           0.00000000714825 
        156.91270427069105           0.00000000721821 
        157.00809193286170           0.00000000714036 
        157.10347959503235           0.00000000719705 
        157.19886725720295           0.00000000717733 
