          0.09641223426699        4848.74063529314390 
          0.19282446853398          38.10198756307854 
          0.28923670280096           3.53871586000713 
          0.38564893706795           1.48171054433866 
          0.48206117133494           0.83019457925383 
          0.57847340560193           0.20976411700725 
          0.67488563986891           0.25422473821269 
          0.77129787413590           0.10168992597582 
          0.86771010840289           0.03901755076554 
          0.96412234266988           0.03850075184904 
          1.06053457693686           0.03659933891861 
          1.15694681120385           0.02210360398740 
          1.25335904547084           0.02477259509557 
          1.34977127973783           0.01183014903318 
          1.44618351400481           0.01239263598775 
          1.54259574827180           0.00716942170944 
          1.63900798253879           0.00751906864217 
          1.73542021680578           0.00677862175845 
          1.83183245107277           0.00525639218600 
          1.92824468533975           0.00408510421333 
          2.02465691960674           0.00356735126040 
          2.12106915387373           0.00448872825087 
          2.21748138814072           0.00292836481612 
          2.31389362240770           0.00358362793806 
          2.41030585667469           0.00287199223819 
          2.50671809094168           0.00210607219100 
          2.60313032520867           0.00171472193710 
          2.69954255947565           0.00208822952386 
          2.79595479374264           0.00157101132911 
          2.89236702800963           0.00174735710697 
          2.98877926227662           0.00140105610505 
          3.08519149654361           0.00116312239745 
          3.18160373081059           0.00134751106377 
          3.27801596507758           0.00117116454641 
          3.37442819934457           0.00128093280250 
          3.47084043361156           0.00075667713141 
          3.56725266787854           0.00097268928114 
          3.66366490214553           0.00076379427736 
          3.76007713641252           0.00065827557161 
          3.85648937067951           0.00081090392918 
          3.95290160494649           0.00081646421316 
          4.04931383921348           0.00065038774256 
          4.14572607348047           0.00058587425716 
          4.24213830774746           0.00048266738681 
          4.33855054201444           0.00037205839505 
          4.43496277628143           0.00040297633737 
          4.53137501054842           0.00036734046223 
          4.62778724481541           0.00031795739754 
          4.72419947908240           0.00030210477159 
          4.82061171334938           0.00022134994660 
          4.91702394761637           0.00020913881631 
          5.01343618188336           0.00019717718959 
          5.10984841615035           0.00015253240891 
          5.20626065041733           0.00014525472268 
          5.30267288468432           0.00012869887955 
          5.39908511895131           0.00012224223721 
          5.49549735321830           0.00011000713991 
          5.59190958748528           0.00011297461217 
          5.68832182175227           0.00007297332163 
          5.78473405601926           0.00007231328821 
          5.88114629028625           0.00006406808540 
          5.97755852455323           0.00006767906436 
          6.07397075882022           0.00006219642540 
          6.17038299308721           0.00005602143876 
          6.26679522735420           0.00005116565765 
          6.36320746162119           0.00004575338897 
          6.45961969588817           0.00004075529955 
          6.55603193015516           0.00003687676643 
          6.65244416442215           0.00003873394376 
          6.74885639868914           0.00003350251313 
          6.84526863295612           0.00003379786824 
          6.94168086722311           0.00002771367713 
          7.03809310149010           0.00002857604833 
          7.13450533575709           0.00002530417765 
          7.23091757002407           0.00002530701395 
          7.32732980429106           0.00002746293180 
          7.42374203855805           0.00002509093390 
          7.52015427282504           0.00002484164521 
          7.61656650709203           0.00002250561504 
          7.71297874135901           0.00002268213762 
          7.80939097562600           0.00002206732154 
          7.90580320989299           0.00002079762931 
          8.00221544415998           0.00002164162513 
          8.09862767842696           0.00002137553517 
          8.19503991269395           0.00001901621485 
          8.29145214696094           0.00002001123441 
          8.38786438122793           0.00001852782849 
          8.48427661549491           0.00001805618762 
          8.58068884976190           0.00001682748101 
          8.67710108402889           0.00001930202465 
          8.77351331829588           0.00001641000352 
          8.86992555256287           0.00001593552328 
          8.96633778682985           0.00001637357323 
          9.06275002109684           0.00001591483784 
          9.15916225536383           0.00001488337671 
          9.25557448963082           0.00001539046849 
          9.35198672389780           0.00001419960375 
          9.44839895816479           0.00001430256239 
          9.54481119243178           0.00001457001735 
          9.64122342669877           0.00001521449211 
          9.73763566096575           0.00001280866070 
          9.83404789523274           0.00001391373644 
          9.93046012949973           0.00001345528153 
         10.02687236376672           0.00001208891213 
         10.12328459803371           0.00001265272907 
         10.21969683230069           0.00001206635964 
         10.31610906656768           0.00001200353060 
         10.41252130083467           0.00001204807477 
         10.50893353510165           0.00001074754656 
         10.60534576936864           0.00001185335591 
         10.70175800363563           0.00001059217596 
         10.79817023790262           0.00001177995070 
         10.89458247216961           0.00001087883973 
         10.99099470643659           0.00001006036391 
         11.08740694070358           0.00000982739686 
         11.18381917497057           0.00001023939922 
         11.28023140923756           0.00000949803556 
         11.37664364350454           0.00000957793919 
         11.47305587777153           0.00000901654701 
         11.56946811203852           0.00000893313683 
         11.66588034630551           0.00000945962551 
         11.76229258057250           0.00000887904987 
         11.85870481483948           0.00000810872409 
         11.95511704910647           0.00000874697004 
         12.05152928337346           0.00000776963505 
         12.14794151764045           0.00000836661132 
         12.24435375190743           0.00000837139036 
         12.34076598617442           0.00000776765540 
         12.43717822044141           0.00000827204442 
         12.53359045470840           0.00000733693443 
         12.63000268897538           0.00000764886668 
         12.72641492324237           0.00000729533355 
         12.82282715750936           0.00000750872232 
         12.91923939177635           0.00000749654501 
         13.01565162604334           0.00000659545403 
         13.11206386031032           0.00000734450591 
         13.20847609457731           0.00000699148989 
         13.30488832884430           0.00000660546177 
         13.40130056311129           0.00000680442177 
         13.49771279737827           0.00000677192638 
         13.59412503164526           0.00000676445038 
         13.69053726591225           0.00000649443532 
         13.78694950017924           0.00000640764672 
         13.88336173444622           0.00000643949175 
         13.97977396871321           0.00000623815173 
         14.07618620298020           0.00000632747087 
         14.17259843724719           0.00000635312243 
         14.26901067151418           0.00000591755730 
         14.36542290578116           0.00000601538601 
         14.46183514004815           0.00000612357082 
         14.55824737431514           0.00000629436717 
         14.65465960858212           0.00000583399484 
         14.75107184284911           0.00000615857808 
         14.84748407711610           0.00000590460187 
         14.94389631138309           0.00000591956726 
         15.04030854565008           0.00000599487145 
         15.13672077991706           0.00000565006151 
         15.23313301418405           0.00000612446743 
         15.32954524845104           0.00000568984490 
         15.42595748271803           0.00000568267856 
         15.52236971698501           0.00000542979511 
