          0.08878317517563        6670.41753595604220 
          0.17756635035127          39.56573460720461 
          0.26634952552690          16.23862747916389 
          0.35513270070253           1.05757383288546 
          0.44391587587817           0.97579221764133 
          0.53269905105380           0.44897861896675 
          0.62148222622943           0.30208706001064 
          0.71026540140507           0.12148040693292 
          0.79904857658070           0.07921484874259 
          0.88783175175634           0.08080459729542 
          0.97661492693197           0.05009260759454 
          1.06539810210760           0.04407737793913 
          1.15418127728324           0.02474487137686 
          1.24296445245887           0.01936807085828 
          1.33174762763450           0.01919201872030 
          1.42053080281014           0.01419798024105 
          1.50931397798577           0.01486926261039 
          1.59809715316140           0.00992683677986 
          1.68688032833704           0.01174287224988 
          1.77566350351267           0.00643465822449 
          1.86444667868830           0.00514391308659 
          1.95322985386394           0.00480311876231 
          2.04201302903957           0.00456840873321 
          2.13079620421521           0.00336297035810 
          2.21957937939084           0.00398194005612 
          2.30836255456647           0.00380618736685 
          2.39714572974211           0.00250103434292 
          2.48592890491774           0.00227170714468 
          2.57471208009337           0.00152389521919 
          2.66349525526901           0.00181902919848 
          2.75227843044464           0.00182869741265 
          2.84106160562027           0.00128728163994 
          2.92984478079591           0.00130955462374 
          3.01862795597154           0.00127040782641 
          3.10741113114717           0.00098096349743 
          3.19619430632281           0.00083175089477 
          3.28497748149844           0.00062220878709 
          3.37376065667408           0.00088592853757 
          3.46254383184971           0.00055415135002 
          3.55132700702534           0.00056495275485 
          3.64011018220098           0.00049785717796 
          3.72889335737661           0.00040691577256 
          3.81767653255224           0.00043441374366 
          3.90645970772788           0.00042068145126 
          3.99524288290351           0.00046835929979 
          4.08402605807914           0.00034956173693 
          4.17280923325478           0.00027451500133 
          4.26159240843041           0.00024018079768 
          4.35037558360604           0.00027166996860 
          4.43915875878168           0.00024385576706 
          4.52794193395731           0.00023713112943 
          4.61672510913295           0.00017762806124 
          4.70550828430858           0.00017850394926 
          4.79429145948421           0.00016133467908 
          4.88307463465985           0.00013799641841 
          4.97185780983548           0.00012140025701 
          5.06064098501111           0.00010677575183 
          5.14942416018675           0.00009313275468 
          5.23820733536238           0.00008022213016 
          5.32699051053801           0.00008387361401 
          5.41577368571365           0.00007390234287 
          5.50455686088928           0.00005410966534 
          5.59334003606491           0.00005469051176 
          5.68212321124055           0.00004972555896 
          5.77090638641618           0.00004933001716 
          5.85968956159181           0.00005605456256 
          5.94847273676745           0.00004703660850 
          6.03725591194308           0.00003969542854 
          6.12603908711872           0.00004523403790 
