          0.09149825698529       17691.05861455285000 
          0.18299651397057          39.72113790263020 
          0.27449477095586           4.89351435040204 
          0.36599302794114           1.78834969945077 
          0.45749128492643           0.91531804235846 
          0.54898954191172           0.57196637289680 
          0.64048779889700           0.32527471679517 
          0.73198605588229           0.14750803662213 
          0.82348431286757           0.19760044702382 
          0.91498256985286           0.07769643441872 
          1.00648082683815           0.06523760626914 
          1.09797908382343           0.05831281943520 
          1.18947734080872           0.05144830277723 
          1.28097559779400           0.02703984270968 
          1.37247385477929           0.02130601371706 
          1.46397211176458           0.01951214020676 
          1.55547036874986           0.01278108338050 
          1.64696862573515           0.01073046601726 
          1.73846688272043           0.00771164553022 
          1.82996513970572           0.00885875079373 
          1.92146339669101           0.00634135055713 
          2.01296165367629           0.00455282720940 
          2.10445991066158           0.00519252253908 
          2.19595816764686           0.00381039509049 
          2.28745642463215           0.00455286341452 
          2.37895468161743           0.00436207252937 
          2.47045293860272           0.00312446552633 
          2.56195119558801           0.00271595276568 
          2.65344945257329           0.00155127542085 
          2.74494770955858           0.00200945883925 
          2.83644596654386           0.00204660690425 
          2.92794422352915           0.00142287962821 
          3.01944248051444           0.00151469104243 
          3.11094073749972           0.00136949876199 
          3.20243899448501           0.00107853948916 
          3.29393725147029           0.00083262060246 
          3.38543550845558           0.00119208648099 
          3.47693376544087           0.00081858396723 
          3.56843202242615           0.00069843010120 
          3.65993027941144           0.00054144245174 
          3.75142853639672           0.00062356324190 
          3.84292679338201           0.00058814017417 
          3.93442505036730           0.00059691245338 
          4.02592330735258           0.00051230096710 
          4.11742156433787           0.00040526753785 
          4.20891982132315           0.00044689286538 
          4.30041807830844           0.00035097959825 
          4.39191633529373           0.00031332313443 
          4.48341459227901           0.00031745893671 
          4.57491284926430           0.00029152179631 
          4.66641110624958           0.00022133268251 
          4.75790936323487           0.00022951384382 
          4.84940762022016           0.00022700788462 
          4.94090587720544           0.00017980825180 
          5.03240413419073           0.00015910303009 
          5.12390239117601           0.00016320754017 
          5.21540064816130           0.00012346901230 
          5.30689890514659           0.00011953560505 
          5.39839716213187           0.00011304341208 
          5.48989541911716           0.00009921140626 
          5.58139367610244           0.00010876885951 
          5.67289193308773           0.00008110985413 
          5.76439019007301           0.00007294713019 
          5.85588844705830           0.00007649061788 
          5.94738670404359           0.00007042702383 
          6.03888496102887           0.00005740779306 
          6.13038321801416           0.00005981792742 
