          0.08791360440996         399.32996966387623 
          0.17582720881991          32.15540091798917 
          0.26374081322987           4.38860633469102 
          0.35165441763983           2.82758342476880 
          0.43956802204978           0.94318443579336 
          0.52748162645974           0.42515686284998 
          0.61539523086970           0.26286852958667 
          0.70330883527965           0.08400349283806 
          0.79122243968961           0.08603908434718 
          0.87913604409956           0.08363181517641 
          0.96704964850952           0.06334424443541 
          1.05496325291948           0.03559189373635 
          1.14287685732943           0.04832291361078 
          1.23079046173939           0.02240438300945 
          1.31870406614935           0.01829485684335 
          1.40661767055930           0.01663919617621 
          1.49453127496926           0.01123202294754 
          1.58244487937922           0.01233497391814 
          1.67035848378917           0.00699979611647 
          1.75827208819913           0.00630570865345 
          1.84618569260909           0.00600653981452 
          1.93409929701904           0.00477193475099 
          2.02201290142900           0.00372561228251 
          2.10992650583895           0.00432038920415 
          2.19784011024891           0.00333104873102 
          2.28575371465887           0.00220595077622 
          2.37366731906882           0.00241585104193 
          2.46158092347878           0.00178862801392 
          2.54949452788874           0.00238989223832 
          2.63740813229869           0.00169618922417 
          2.72532173670865           0.00159831186704 
          2.81323534111861           0.00145670216974 
          2.90114894552856           0.00152929905403 
          2.98906254993852           0.00135826154181 
          3.07697615434848           0.00098677273717 
          3.16488975875843           0.00124816690341 
          3.25280336316839           0.00072159859846 
          3.34071696757834           0.00069357867453 
          3.42863057198830           0.00060871019271 
          3.51654417639826           0.00055582548062 
          3.60445778080821           0.00057653421457 
          3.69237138521817           0.00053978714858 
          3.78028498962813           0.00053848921729 
          3.86819859403808           0.00040613117348 
          3.95611219844804           0.00033143563261 
          4.04402580285800           0.00043847079551 
          4.13193940726795           0.00041815679710 
          4.21985301167791           0.00030504744119 
          4.30776661608787           0.00022551323849 
          4.39568022049782           0.00018283744149 
          4.48359382490778           0.00019835816248 
          4.57150742931773           0.00016551515654 
          4.65942103372769           0.00015081598962 
          4.74733463813765           0.00014640177931 
          4.83524824254760           0.00014419505195 
          4.92316184695756           0.00012713096700 
          5.01107545136752           0.00009564424888 
          5.09898905577747           0.00009829748993 
          5.18690266018743           0.00009694401495 
          5.27481626459739           0.00007747146739 
          5.36272986900734           0.00008291983482 
          5.45064347341730           0.00006976670211 
          5.53855707782726           0.00006556115059 
          5.62647068223721           0.00006315501893 
          5.71438428664717           0.00005002855268 
          5.80229789105713           0.00004698438595 
          5.89021149546708           0.00004162198007 
          5.97812509987704           0.00003924667318 
          6.06603870428699           0.00004049015243 
