          0.08622458223109         185.34252435130244 
          0.17244916446218          13.64670293658771 
          0.25867374669327           3.24250985931710 
          0.34489832892436           3.52651205678746 
          0.43112291115545           0.77524935539889 
          0.51734749338654           0.36373991964117 
          0.60357207561764           0.36384679789400 
          0.68979665784873           0.10749876158782 
          0.77602124007982           0.10644332886993 
          0.86224582231091           0.06744768595782 
          0.94847040454200           0.03139150430867 
          1.03469498677309           0.04617432255622 
          1.12091956900418           0.03659784011893 
          1.20714415123527           0.03153537867070 
          1.29336873346636           0.01545960508936 
          1.37959331569745           0.01673715365180 
          1.46581789792854           0.01238412398871 
          1.55204248015963           0.01085904141771 
          1.63826706239073           0.00777996840958 
          1.72449164462182           0.00618281948932 
          1.81071622685291           0.00538495133282 
          1.89694080908400           0.00589088502571 
          1.98316539131509           0.00455054801018 
          2.06938997354618           0.00392177567921 
          2.15561455577727           0.00399314472496 
          2.24183913800836           0.00306978339068 
          2.32806372023945           0.00235223543102 
          2.41428830247054           0.00230725241983 
          2.50051288470163           0.00204535435614 
          2.58673746693272           0.00189156424560 
          2.67296204916381           0.00177312179112 
          2.75918663139491           0.00145351636156 
          2.84541121362600           0.00111761018827 
          2.93163579585709           0.00096381569225 
          3.01786037808818           0.00122650461026 
          3.10408496031927           0.00085977004285 
          3.19030954255036           0.00084443734186 
          3.27653412478145           0.00092862041833 
          3.36275870701254           0.00077018898526 
          3.44898328924363           0.00071133172980 
          3.53520787147472           0.00053423976567 
          3.62143245370581           0.00052648432332 
          3.70765703593690           0.00042082292439 
          3.79388161816800           0.00037408402765 
          3.88010620039909           0.00036332309180 
          3.96633078263018           0.00039264863508 
          4.05255536486127           0.00034853812147 
          4.13877994709236           0.00026154599319 
          4.22500452932345           0.00022740002410 
          4.31122911155454           0.00022765082902 
          4.39745369378563           0.00020276968802 
          4.48367827601672           0.00020202211042 
          4.56990285824781           0.00015158361141 
          4.65612744047890           0.00014772745600 
          4.74235202270999           0.00011618104656 
          4.82857660494108           0.00011738905863 
          4.91480118717218           0.00011962205940 
          5.00102576940327           0.00010243992397 
          5.08725035163436           0.00009712996767 
          5.17347493386545           0.00007530448455 
          5.25969951609654           0.00008281636494 
          5.34592409832763           0.00006580856554 
          5.43214868055872           0.00006396155377 
          5.51837326278981           0.00005911102141 
          5.60459784502090           0.00005041068673 
          5.69082242725199           0.00005356971627 
          5.77704700948308           0.00004501717893 
          5.86327159171418           0.00004464882495 
          5.94949617394527           0.00004210038098 
          6.03572075617636           0.00003992912852 
          6.12194533840745           0.00003963452776 
