          0.09057496478564           6.77757681007746 
          0.18114992957127          14.64299093879669 
          0.27172489435691           2.51778112604724 
          0.36229985914254           1.27960849108010 
          0.45287482392818           0.64324446129397 
          0.54344978871382           0.55602483112433 
          0.63402475349945           0.11741477293582 
          0.72459971828509           0.05337631701168 
          0.81517468307073           0.04498533803672 
          0.90574964785636           0.05071676654462 
          0.99632461264200           0.03847298085964 
          1.08689957742763           0.01468271895859 
          1.17747454221327           0.01371844294420 
          1.26804950699891           0.01522365628253 
          1.35862447178454           0.00926476248311 
          1.44919943657018           0.01031926166832 
          1.53977440135582           0.00765417086001 
          1.63034936614145           0.00534346319338 
          1.72092433092709           0.00609003443381 
          1.81149929571272           0.00552902062974 
          1.90207426049836           0.00495385941102 
          1.99264922528400           0.00444737029143 
          2.08322419006963           0.00285476750817 
          2.17379915485527           0.00295389562203 
          2.26437411964091           0.00241780124377 
          2.35494908442654           0.00241714011336 
          2.44552404921218           0.00216771388262 
          2.53609901399781           0.00185313440791 
          2.62667397878345           0.00197594767751 
          2.71724894356909           0.00160728222427 
          2.80782390835472           0.00117827913352 
          2.89839887314036           0.00124442091286 
          2.98897383792600           0.00108888300492 
          3.07954880271163           0.00107458650544 
          3.17012376749727           0.00089718658862 
          3.26069873228290           0.00104614732621 
          3.35127369706854           0.00098574390792 
          3.44184866185418           0.00066130996981 
          3.53242362663981           0.00081883110481 
          3.62299859142545           0.00057764611133 
          3.71357355621109           0.00055566452271 
          3.80414852099672           0.00055041134504 
          3.89472348578236           0.00052742315471 
          3.98529845056799           0.00049104731233 
          4.07587341535363           0.00046601379012 
          4.16644838013927           0.00036359010564 
          4.25702334492490           0.00037504683391 
          4.34759830971054           0.00031290140972 
          4.43817327449618           0.00028512580011 
          4.52874823928181           0.00025829867701 
          4.61932320406745           0.00026883570164 
          4.70989816885309           0.00022809102786 
          4.80047313363872           0.00014524178821 
          4.89104809842436           0.00016176715588 
          4.98162306320999           0.00014293646790 
          5.07219802799563           0.00011688033844 
          5.16277299278127           0.00012052791871 
          5.25334795756690           0.00010782835961 
          5.34392292235254           0.00008383114927 
          5.43449788713817           0.00007297473399 
          5.52507285192381           0.00006676840339 
          5.61564781670945           0.00006368631287 
          5.70622278149508           0.00006162634071 
          5.79679774628072           0.00006246766514 
          5.88737271106636           0.00004817394756 
          5.97794767585199           0.00005743337269 
          6.06852264063763           0.00005358104175 
