          0.09149825698529         133.10887129191920 
          0.18299651397057           2.94339184234864 
          0.27449477095586           3.39521502714167 
          0.36599302794114           1.47371240446448 
          0.45749128492643           0.46508281683296 
          0.54898954191172           0.32223349329187 
          0.64048779889700           0.16808364514338 
          0.73198605588229           0.06895173788020 
          0.82348431286757           0.06544315700829 
          0.91498256985286           0.05320807114261 
          1.00648082683815           0.03345374346983 
          1.09797908382343           0.02004208921118 
          1.18947734080872           0.01706351248826 
          1.28097559779400           0.01424178323788 
          1.37247385477929           0.01130580911753 
          1.46397211176458           0.01013591028050 
          1.55547036874986           0.00735097727852 
          1.64696862573515           0.00622243636283 
          1.73846688272043           0.00678911792748 
          1.82996513970572           0.00603488223360 
          1.92146339669101           0.00446708878552 
          2.01296165367629           0.00321418917724 
          2.10445991066158           0.00374029436502 
          2.19595816764686           0.00248335631066 
          2.28745642463215           0.00224247205314 
          2.37895468161743           0.00256912063962 
          2.47045293860272           0.00181173595062 
          2.56195119558801           0.00182964713150 
          2.65344945257329           0.00176832503614 
          2.74494770955858           0.00146004740186 
          2.83644596654386           0.00140317092678 
          2.92794422352915           0.00123069926119 
          3.01944248051444           0.00104398376207 
          3.11094073749972           0.00128191190673 
          3.20243899448501           0.00090456929884 
          3.29393725147029           0.00066864133791 
          3.38543550845558           0.00078534448584 
          3.47693376544087           0.00098778207585 
          3.56843202242615           0.00072362401391 
          3.65993027941144           0.00070963015367 
          3.75142853639672           0.00048527750141 
          3.84292679338201           0.00064563674539 
          3.93442505036730           0.00050998205556 
          4.02592330735258           0.00036047143354 
          4.11742156433787           0.00032083953362 
          4.20891982132315           0.00029019716864 
          4.30041807830844           0.00031090295845 
          4.39191633529373           0.00022670112413 
          4.48341459227901           0.00020585464001 
          4.57491284926430           0.00022068342314 
          4.66641110624958           0.00016665311506 
          4.75790936323487           0.00015703169581 
          4.84940762022016           0.00013718329894 
          4.94090587720544           0.00014191894695 
          5.03240413419073           0.00010014013329 
          5.12390239117601           0.00010499176150 
          5.21540064816130           0.00009774029114 
          5.30689890514659           0.00007187211659 
          5.39839716213187           0.00006973887630 
          5.48989541911716           0.00005379568701 
          5.58139367610244           0.00004747189623 
          5.67289193308773           0.00004112769986 
          5.76439019007301           0.00003694529406 
          5.85588844705830           0.00004360249865 
          5.94738670404359           0.00003113974994 
          6.03888496102887           0.00003227729618 
          6.13038321801416           0.00002898655737 
          6.22188147499944           0.00002472509761 
          6.31337973198473           0.00002334832308 
          6.40487798897002           0.00001839441228 
          6.49637624595530           0.00002031646629 
          6.58787450294059           0.00001682402394 
          6.67937275992587           0.00001547241722 
          6.77087101691116           0.00001614904951 
          6.86236927389645           0.00001542359719 
          6.95386753088173           0.00001301536363 
          7.04536578786702           0.00001346328364 
          7.13686404485230           0.00001245295419 
          7.22836230183759           0.00001294389349 
          7.31986055882288           0.00001173040082 
          7.41135881580816           0.00001070782797 
          7.50285707279345           0.00001064628041 
          7.59435532977873           0.00001120504486 
          7.68585358676402           0.00001004465947 
          7.77735184374931           0.00000945913275 
          7.86885010073459           0.00000979272766 
          7.96034835771988           0.00000915111806 
          8.05184661470516           0.00001006443003 
          8.14334487169045           0.00000946149427 
          8.23484312867574           0.00000932379505 
          8.32634138566102           0.00000825990204 
          8.41783964264631           0.00000839179963 
          8.50933789963159           0.00000876242425 
          8.60083615661688           0.00000788230969 
          8.69233441360216           0.00000871004792 
          8.78383267058745           0.00000906041904 
          8.87533092757274           0.00000761960622 
          8.96682918455802           0.00000800015249 
          9.05832744154331           0.00000746472117 
          9.14982569852859           0.00000841328983 
          9.24132395551388           0.00000724530190 
          9.33282221249917           0.00000668147804 
          9.42432046948445           0.00000695143886 
          9.51581872646974           0.00000692468089 
          9.60731698345502           0.00000717803574 
          9.69881524044031           0.00000681570399 
          9.79031349742560           0.00000661130172 
          9.88181175441088           0.00000603881133 
          9.97331001139617           0.00000647959569 
         10.06480826838146           0.00000578592435 
         10.15630652536674           0.00000601746691 
         10.24780478235203           0.00000579533322 
         10.33930303933731           0.00000533057125 
         10.43080129632260           0.00000523401503 
         10.52229955330789           0.00000521705125 
         10.61379781029317           0.00000557726550 
         10.70529606727846           0.00000504984644 
         10.79679432426374           0.00000461607840 
         10.88829258124903           0.00000451741391 
         10.97979083823431           0.00000454110008 
         11.07128909521960           0.00000484641155 
         11.16278735220489           0.00000447951156 
         11.25428560919017           0.00000400020379 
         11.34578386617546           0.00000433818484 
         11.43728212316074           0.00000434118280 
         11.52878038014603           0.00000431929492 
         11.62027863713132           0.00000386013697 
         11.71177689411660           0.00000401722570 
         11.80327515110189           0.00000412738316 
         11.89477340808717           0.00000369929459 
         11.98627166507246           0.00000362602640 
         12.07776992205775           0.00000354490753 
         12.16926817904303           0.00000348567578 
         12.26076643602832           0.00000352176310 
         12.35226469301360           0.00000309042849 
         12.44376294999889           0.00000339411390 
         12.53526120698418           0.00000329562932 
         12.62675946396946           0.00000303364274 
         12.71825772095475           0.00000326327413 
         12.80975597794003           0.00000289211598 
         12.90125423492532           0.00000309330890 
         12.99275249191061           0.00000284812030 
         13.08425074889589           0.00000296389937 
         13.17574900588118           0.00000277222380 
         13.26724726286646           0.00000271336027 
         13.35874551985175           0.00000283991846 
         13.45024377683704           0.00000281673187 
         13.54174203382232           0.00000259363355 
         13.63324029080761           0.00000272853729 
         13.72473854779289           0.00000264698091 
         13.81623680477818           0.00000269769190 
         13.90773506176346           0.00000248903683 
         13.99923331874875           0.00000251182631 
         14.09073157573404           0.00000231066298 
         14.18222983271932           0.00000253150462 
         14.27372808970461           0.00000240038853 
         14.36522634668989           0.00000226554260 
         14.45672460367518           0.00000242184139 
         14.54822286066047           0.00000232059927 
         14.63972111764575           0.00000235239387 
         14.73121937463104           0.00000217576280 
         14.82271763161632           0.00000225453587 
         14.91421588860161           0.00000229819671 
         15.00571414558690           0.00000220986014 
         15.09721240257218           0.00000217566615 
         15.18871065955747           0.00000209268207 
         15.28020891654276           0.00000221372381 
         15.37170717352804           0.00000217904734 
         15.46320543051333           0.00000204546375 
         15.55470368749861           0.00000206179884 
         15.64620194448390           0.00000202745825 
         15.73770020146918           0.00000200647700 
         15.82919845845447           0.00000197595168 
         15.92069671543975           0.00000198003747 
         16.01219497242504           0.00000196503872 
         16.10369322941033           0.00000193757453 
         16.19519148639562           0.00000207055783 
         16.28668974338090           0.00000186481826 
         16.37818800036619           0.00000185218556 
         16.46968625735147           0.00000187198078 
         16.56118451433676           0.00000185202579 
         16.65268277132204           0.00000184595519 
         16.74418102830733           0.00000178034436 
         16.83567928529261           0.00000182811283 
         16.92717754227790           0.00000176353794 
         17.01867579926319           0.00000171420543 
         17.11017405624848           0.00000177479056 
         17.20167231323376           0.00000170911051 
         17.29317057021904           0.00000172150027 
         17.38466882720433           0.00000171425259 
         17.47616708418962           0.00000163854817 
         17.56766534117490           0.00000171438458 
         17.65916359816019           0.00000162168405 
         17.75066185514547           0.00000162663978 
         17.84216011213076           0.00000158137179 
         17.93365836911605           0.00000159262342 
         18.02515662610133           0.00000158719014 
         18.11665488308662           0.00000153888439 
         18.20815314007190           0.00000157173393 
         18.29965139705719           0.00000149916342 
         18.39114965404248           0.00000157638738 
         18.48264791102776           0.00000151489593 
         18.57414616801305           0.00000145982810 
         18.66564442499833           0.00000147598274 
         18.75714268198362           0.00000141132351 
         18.84864093896891           0.00000148452454 
         18.94013919595419           0.00000141924450 
         19.03163745293948           0.00000141055345 
         19.12313570992476           0.00000139456878 
         19.21463396691005           0.00000139419695 
         19.30613222389534           0.00000135563077 
         19.39763048088062           0.00000136751495 
         19.48912873786591           0.00000135416297 
         19.58062699485119           0.00000134902646 
         19.67212525183648           0.00000133513784 
         19.76362350882176           0.00000125969005 
         19.85512176580705           0.00000128447387 
         19.94662002279233           0.00000131771002 
         20.03811827977762           0.00000126945670 
         20.12961653676291           0.00000124242163 
         20.22111479374820           0.00000124567839 
         20.31261305073348           0.00000119636613 
         20.40411130771877           0.00000124143478 
         20.49560956470405           0.00000119392976 
         20.58710782168934           0.00000120254184 
         20.67860607867462           0.00000117573021 
         20.77010433565991           0.00000116730827 
         20.86160259264520           0.00000114279530 
         20.95310084963048           0.00000110288357 
         21.04459910661577           0.00000117404781 
         21.13609736360106           0.00000114118125 
         21.22759562058634           0.00000112424029 
         21.31909387757163           0.00000109758366 
         21.41059213455691           0.00000107062498 
         21.50209039154220           0.00000109773426 
         21.59358864852748           0.00000106600941 
         21.68508690551277           0.00000103582865 
         21.77658516249806           0.00000107236227 
         21.86808341948334           0.00000101644879 
         21.95958167646863           0.00000106434320 
         22.05107993345392           0.00000097402517 
         22.14257819043920           0.00000098551620 
         22.23407644742449           0.00000100622212 
         22.32557470440977           0.00000097107754 
         22.41707296139506           0.00000100548772 
         22.50857121838034           0.00000091442885 
         22.60006947536563           0.00000095878081 
         22.69156773235092           0.00000096882810 
         22.78306598933620           0.00000093624841 
         22.87456424632149           0.00000093937827 
         22.96606250330677           0.00000090107201 
         23.05756076029206           0.00000089907449 
         23.14905901727735           0.00000089035427 
         23.24055727426263           0.00000088028683 
         23.33205553124792           0.00000085673387 
         23.42355378823320           0.00000088077069 
         23.51505204521849           0.00000087025699 
         23.60655030220378           0.00000083276038 
         23.69804855918906           0.00000084939792 
         23.78954681617434           0.00000082839445 
         23.88104507315963           0.00000082814126 
         23.97254333014492           0.00000081549363 
         24.06404158713021           0.00000081198950 
         24.15553984411549           0.00000081399583 
         24.24703810110078           0.00000077933413 
         24.33853635808606           0.00000077828859 
         24.43003461507135           0.00000079010908 
         24.52153287205664           0.00000076280359 
         24.61303112904192           0.00000076654434 
         24.70452938602720           0.00000076107712 
         24.79602764301249           0.00000074053226 
         24.88752589999778           0.00000072618792 
         24.97902415698307           0.00000073672327 
         25.07052241396835           0.00000074444629 
         25.16202067095364           0.00000070632294 
         25.25351892793892           0.00000072122444 
         25.34501718492421           0.00000070445420 
         25.43651544190949           0.00000070407684 
         25.52801369889478           0.00000070394825 
         25.61951195588006           0.00000068252581 
         25.71101021286535           0.00000068713677 
         25.80250846985064           0.00000067514986 
         25.89400672683593           0.00000068607245 
         25.98550498382121           0.00000065548783 
         26.07700324080650           0.00000066236233 
         26.16850149779178           0.00000067095208 
         26.25999975477707           0.00000064546915 
         26.35149801176235           0.00000064888548 
         26.44299626874764           0.00000063686502 
         26.53449452573292           0.00000062679253 
         26.62599278271821           0.00000066720873 
         26.71749103970350           0.00000060170605 
         26.80898929668878           0.00000062085100 
         26.90048755367407           0.00000061746590 
         26.99198581065935           0.00000061521546 
         27.08348406764464           0.00000059889971 
         27.17498232462993           0.00000059563782 
         27.26648058161521           0.00000060780019 
         27.35797883860050           0.00000059712557 
         27.44947709558579           0.00000058283553 
         27.54097535257107           0.00000058969772 
         27.63247360955636           0.00000056380936 
         27.72397186654164           0.00000059018398 
         27.81547012352693           0.00000057800505 
         27.90696838051222           0.00000055751998 
         27.99846663749750           0.00000056781255 
         28.08996489448279           0.00000055801360 
         28.18146315146807           0.00000056893423 
         28.27296140845336           0.00000053072587 
         28.36445966543865           0.00000055548088 
         28.45595792242393           0.00000054389428 
         28.54745617940922           0.00000054992088 
         28.63895443639450           0.00000053808740 
         28.73045269337979           0.00000051965939 
         28.82195095036508           0.00000053499958 
         28.91344920735036           0.00000053179594 
         29.00494746433565           0.00000052497136 
         29.09644572132093           0.00000051787766 
         29.18794397830622           0.00000052081636 
         29.27944223529151           0.00000051887178 
         29.37094049227679           0.00000051223249 
         29.46243874926207           0.00000050225506 
         29.55393700624736           0.00000050273274 
         29.64543526323265           0.00000051337610 
         29.73693352021793           0.00000049924177 
         29.82843177720322           0.00000049567645 
         29.91993003418851           0.00000049027168 
         30.01142829117379           0.00000048974447 
         30.10292654815908           0.00000049988915 
         30.19442480514436           0.00000048614111 
         30.28592306212965           0.00000049403930 
         30.37742131911494           0.00000049445656 
         30.46891957610022           0.00000046850512 
         30.56041783308551           0.00000048280435 
         30.65191609007079           0.00000047787052 
         30.74341434705608           0.00000048038526 
         30.83491260404136           0.00000048307619 
         30.92641086102665           0.00000045784268 
         31.01790911801193           0.00000047345164 
         31.10940737499722           0.00000045962166 
         31.20090563198250           0.00000047240008 
         31.29240388896779           0.00000047497955 
         31.38390214595308           0.00000045236882 
