          0.09244056653199         242.46409041792106 
          0.18488113306399          16.10745444413320 
          0.27732169959598           5.91892887497564 
          0.36976226612797           0.86796280677555 
          0.46220283265997           0.38622843216478 
          0.55464339919196           0.29060424843537 
          0.64708396572395           0.14528677509297 
          0.73952453225595           0.11360060754709 
          0.83196509878794           0.04886060758700 
          0.92440566531993           0.04071241966393 
          1.01684623185193           0.01474878733100 
          1.10928679838392           0.02289171833985 
          1.20172736491591           0.01474062700531 
          1.29416793144791           0.01343028575931 
          1.38660849797990           0.00909528697298 
          1.47904906451189           0.00718819006199 
          1.57148963104389           0.00704569313997 
          1.66393019757588           0.00786473454686 
          1.75637076410787           0.00638022278866 
          1.84881133063987           0.00411864700661 
          1.94125189717186           0.00497461782392 
          2.03369246370385           0.00344500405474 
          2.12613303023585           0.00357580820008 
          2.21857359676784           0.00307966193867 
          2.31101416329983           0.00259650176892 
          2.40345472983183           0.00294044404312 
          2.49589529636382           0.00175607381216 
          2.58833586289581           0.00214730871879 
          2.68077642942781           0.00193723973822 
          2.77321699595980           0.00111141095235 
          2.86565756249179           0.00135501375626 
          2.95809812902379           0.00166058291243 
          3.05053869555578           0.00098815081119 
          3.14297926208777           0.00101960438141 
          3.23541982861977           0.00096587286543 
          3.32786039515176           0.00074969154929 
          3.42030096168375           0.00077664072163 
          3.51274152821575           0.00078840839406 
          3.60518209474774           0.00061341301466 
          3.69762266127973           0.00059649963442 
          3.79006322781173           0.00048517983518 
          3.88250379434372           0.00049926791628 
          3.97494436087571           0.00039880277866 
          4.06738492740771           0.00043084403932 
          4.15982549393970           0.00041473517979 
          4.25226606047169           0.00036269808309 
          4.34470662700369           0.00030689221628 
          4.43714719353568           0.00024759751992 
          4.52958776006767           0.00020102526526 
          4.62202832659967           0.00020823248937 
          4.71446889313166           0.00022217802903 
          4.80690945966365           0.00016116479941 
          4.89935002619565           0.00016967240183 
          4.99179059272764           0.00014605646548 
          5.08423115925963           0.00012604633952 
          5.17667172579163           0.00010019783777 
          5.26911229232362           0.00007985475739 
          5.36155285885561           0.00007718627494 
          5.45399342538761           0.00008071434099 
          5.54643399191960           0.00006503665927 
          5.63887455845159           0.00004906667745 
          5.73131512498359           0.00004971165785 
          5.82375569151558           0.00004326294800 
          5.91619625804757           0.00004224713533 
          6.00863682457957           0.00003946975654 
          6.10107739111156           0.00003632914684 
