          0.08878317517563         114.69672583239495 
          0.17756635035127          55.06411285199747 
          0.26634952552690          13.54235206966385 
          0.35513270070253           3.98704846489004 
          0.44391587587817           2.18630695136585 
          0.53269905105380           0.83638943916954 
          0.62148222622943           0.74159268079854 
          0.71026540140507           0.51534115415833 
          0.79904857658070           0.36734141661274 
          0.88783175175634           0.26609552837993 
          0.97661492693197           0.21279966551381 
          1.06539810210760           0.14959789997589 
          1.15418127728324           0.09512401641824 
          1.24296445245887           0.08126591264520 
          1.33174762763450           0.06528960908671 
          1.42053080281014           0.06737585342615 
          1.50931397798577           0.04352958786464 
          1.59809715316140           0.04563091851405 
          1.68688032833704           0.03685606722985 
          1.77566350351267           0.03191357032042 
          1.86444667868830           0.02412108837639 
          1.95322985386394           0.02477356721448 
          2.04201302903957           0.02063241382234 
          2.13079620421521           0.01781908192333 
          2.21957937939084           0.01508350933288 
          2.30836255456647           0.01494308063781 
          2.39714572974211           0.01515070027678 
          2.48592890491774           0.01456831997486 
          2.57471208009337           0.01048057190439 
          2.66349525526901           0.01073720952018 
          2.75227843044464           0.00982819576675 
          2.84106160562027           0.00800795078266 
          2.92984478079591           0.00866359904101 
          3.01862795597154           0.00685162029520 
          3.10741113114717           0.00751732990619 
          3.19619430632281           0.00619178392314 
          3.28497748149844           0.00642324966206 
          3.37376065667408           0.00533677501313 
          3.46254383184971           0.00537345124429 
          3.55132700702534           0.00563332877430 
          3.64011018220098           0.00440563358258 
          3.72889335737661           0.00441585061298 
          3.81767653255224           0.00378889348316 
          3.90645970772788           0.00405468074637 
          3.99524288290351           0.00390690672848 
          4.08402605807914           0.00354627925008 
          4.17280923325478           0.00350772571594 
          4.26159240843041           0.00319225188408 
          4.35037558360604           0.00304353700928 
          4.43915875878168           0.00289869392961 
          4.52794193395731           0.00255027924358 
          4.61672510913295           0.00277595987791 
          4.70550828430858           0.00244713525578 
          4.79429145948421           0.00249804344434 
          4.88307463465985           0.00212152309273 
          4.97185780983548           0.00229949802399 
          5.06064098501111           0.00196786062877 
          5.14942416018675           0.00222407237000 
          5.23820733536238           0.00198010196646 
          5.32699051053801           0.00180171165559 
          5.41577368571365           0.00187442496715 
          5.50455686088928           0.00176019164349 
          5.59334003606491           0.00180670494787 
          5.68212321124055           0.00174947779415 
          5.77090638641618           0.00161020283532 
          5.85968956159181           0.00171498384600 
          5.94847273676745           0.00155149902503 
          6.03725591194308           0.00152594396284 
          6.12603908711872           0.00161835332470 
