          0.09745905548596         324.12773893570727 
          0.19491811097191          21.05439108123915 
          0.29237716645787           2.85865709043237 
          0.38983622194382           0.99527004763315 
          0.48729527742978           0.58800231533276 
          0.58475433291574           0.27347738327554 
          0.68221338840169           0.13247336225162 
          0.77967244388765           0.08255033281990 
          0.87713149937360           0.06516671303718 
          0.97459055485956           0.02285001720679 
          1.07204961034552           0.02431758104767 
          1.16950866583147           0.01967268936624 
          1.26696772131743           0.01494401094283 
          1.36442677680338           0.01136341671794 
          1.46188583228934           0.00895340919864 
          1.55934488777530           0.00837983727650 
          1.65680394326125           0.00671898466501 
          1.75426299874721           0.00493674163564 
          1.85172205423316           0.00351501546583 
          1.94918110971912           0.00385476116628 
          2.04664016520508           0.00337371471378 
          2.14409922069103           0.00357889928490 
          2.24155827617699           0.00235755945183 
          2.33901733166295           0.00208442351443 
          2.43647638714890           0.00204348633343 
          2.53393544263486           0.00183870355467 
          2.63139449812081           0.00206030296106 
          2.72885355360677           0.00133151086780 
          2.82631260909273           0.00141004786982 
          2.92377166457868           0.00125642671490 
          3.02123072006464           0.00098915965853 
          3.11868977555059           0.00074926907191 
          3.21614883103655           0.00098547536074 
          3.31360788652251           0.00086562636767 
          3.41106694200846           0.00082446266830 
          3.50852599749442           0.00097874494054 
          3.60598505298037           0.00073992709046 
          3.70344410846633           0.00081164500790 
          3.80090316395229           0.00068876892711 
          3.89836221943824           0.00065415779739 
          3.99582127492420           0.00051402604671 
          4.09328033041015           0.00044759589981 
          4.19073938589611           0.00043736317745 
          4.28819844138207           0.00043142889466 
          4.38565749686802           0.00038814139138 
          4.48311655235398           0.00040597876498 
          4.58057560783993           0.00028936379314 
          4.67803466332589           0.00025750692257 
          4.77549371881185           0.00020978330206 
          4.87295277429780           0.00021970016988 
          4.97041182978376           0.00018903846488 
          5.06787088526971           0.00012109340160 
          5.16532994075567           0.00013025532824 
          5.26278899624163           0.00011793925807 
          5.36024805172758           0.00010325833930 
          5.45770710721354           0.00009760547497 
          5.55516616269949           0.00007081510981 
          5.65262521818545           0.00007513530031 
          5.75008427367141           0.00007029603679 
          5.84754332915736           0.00005293673540 
          5.94500238464332           0.00004446051479 
          6.04246144012927           0.00004420545025 
