          0.08791360440996          55.41647030261232 
          0.17582720881991          47.07093545272870 
          0.26374081322987          12.49908762931889 
          0.35165441763983           1.11108356604557 
          0.43956802204978           1.00692071325254 
          0.52748162645974           0.89283424500600 
          0.61539523086970           0.23112337724946 
          0.70330883527965           0.26600856965372 
          0.79122243968961           0.09057591768837 
          0.87913604409956           0.12233531516572 
          0.96704964850952           0.10646000920375 
          1.05496325291948           0.05190118752744 
          1.14287685732943           0.04808052802865 
          1.23079046173939           0.03276758312535 
          1.31870406614935           0.03113186060959 
          1.40661767055930           0.02202987731212 
          1.49453127496926           0.01621470835392 
          1.58244487937922           0.01834313641021 
          1.67035848378917           0.01608444341022 
          1.75827208819913           0.01061345551812 
          1.84618569260909           0.01468144843454 
          1.93409929701904           0.00829703570792 
          2.02201290142900           0.00860790879110 
          2.10992650583895           0.00757336717477 
          2.19784011024891           0.00689860698622 
          2.28575371465887           0.00625686389853 
          2.37366731906882           0.00610803312326 
          2.46158092347878           0.00448877953015 
          2.54949452788874           0.00484684953939 
          2.63740813229869           0.00439700535324 
          2.72532173670865           0.00399266176589 
          2.81323534111861           0.00377239510588 
          2.90114894552856           0.00347863074540 
          2.98906254993852           0.00267562839915 
          3.07697615434848           0.00279077830361 
          3.16488975875843           0.00262920548000 
          3.25280336316839           0.00277588674563 
          3.34071696757834           0.00228508871704 
          3.42863057198830           0.00187631541360 
          3.51654417639826           0.00221268349794 
          3.60445778080821           0.00176807013781 
          3.69237138521817           0.00170146093051 
          3.78028498962813           0.00153036634201 
          3.86819859403808           0.00184019479466 
          3.95611219844804           0.00154810100149 
          4.04402580285800           0.00138259053343 
          4.13193940726795           0.00120630738506 
          4.21985301167791           0.00122078404849 
          4.30776661608787           0.00117580534877 
          4.39568022049782           0.00101351168998 
          4.48359382490778           0.00108809988052 
          4.57150742931773           0.00091707641096 
          4.65942103372769           0.00095664540247 
          4.74733463813765           0.00089478197047 
          4.83524824254760           0.00079890173194 
          4.92316184695756           0.00080072721692 
          5.01107545136752           0.00077113556077 
          5.09898905577747           0.00070625504540 
          5.18690266018743           0.00073184119352 
          5.27481626459739           0.00060165406204 
          5.36272986900734           0.00065486686852 
          5.45064347341730           0.00059206360747 
          5.53855707782726           0.00060870255337 
          5.62647068223721           0.00055931361899 
          5.71438428664717           0.00050518185602 
          5.80229789105713           0.00056005008635 
          5.89021149546708           0.00053422565156 
          5.97812509987704           0.00046916291101 
          6.06603870428699           0.00051371935491 
