          0.09641223426699         732.62058004845665 
          0.19282446853398          16.34007625323924 
          0.28923670280096           2.55162120283144 
          0.38564893706795           0.99791118751815 
          0.48206117133494           0.51139068912844 
          0.57847340560193           0.14455024783230 
          0.67488563986891           0.18095795066794 
          0.77129787413590           0.06178273453095 
          0.86771010840289           0.04897497649855 
          0.96412234266988           0.02787746424106 
          1.06053457693686           0.01614721193533 
          1.15694681120385           0.01696218307485 
          1.25335904547084           0.01316927411086 
          1.34977127973783           0.01698294441374 
          1.44618351400481           0.00901518974604 
          1.54259574827180           0.00665218959294 
          1.63900798253879           0.00537489553772 
          1.73542021680578           0.00566396645066 
          1.83183245107277           0.00458117746208 
          1.92824468533975           0.00424934751785 
          2.02465691960674           0.00328185887477 
          2.12106915387373           0.00344193490312 
          2.21748138814072           0.00287788204333 
          2.31389362240770           0.00253023040094 
          2.41030585667469           0.00215594786284 
          2.50671809094168           0.00227265929011 
          2.60313032520867           0.00138530088531 
          2.69954255947565           0.00186819956688 
          2.79595479374264           0.00143885640849 
          2.89236702800963           0.00140433218193 
          2.98877926227662           0.00146767717703 
          3.08519149654361           0.00133583828390 
          3.18160373081059           0.00086478956692 
          3.27801596507758           0.00096675671567 
          3.37442819934457           0.00099742970866 
          3.47084043361156           0.00087873300357 
          3.56725266787854           0.00076703162228 
          3.66366490214553           0.00065713005045 
          3.76007713641252           0.00073468548424 
          3.85648937067951           0.00052880535583 
          3.95290160494649           0.00046289605181 
          4.04931383921348           0.00063550799746 
          4.14572607348047           0.00047060443285 
          4.24213830774746           0.00038708595046 
          4.33855054201444           0.00038007706900 
          4.43496277628143           0.00030525418084 
          4.53137501054842           0.00031070798438 
          4.62778724481541           0.00026745537045 
          4.72419947908240           0.00023254778365 
          4.82061171334938           0.00021458226360 
          4.91702394761637           0.00018414727804 
          5.01343618188336           0.00013084943048 
          5.10984841615035           0.00014139315438 
          5.20626065041733           0.00016286228746 
          5.30267288468432           0.00011328569668 
          5.39908511895131           0.00009976838817 
          5.49549735321830           0.00008647685102 
          5.59190958748528           0.00007358613458 
          5.68832182175227           0.00007950717372 
          5.78473405601926           0.00004680917294 
          5.88114629028625           0.00004301877927 
          5.97755852455323           0.00005086798042 
          6.07397075882022           0.00004515393234 
