          0.09438463733182          18.93155399168339 
          0.18876927466365           6.22562603641841 
          0.28315391199547           4.99058894528567 
          0.37753854932730           0.81462161489840 
          0.47192318665912           0.54084619819677 
          0.56630782399095           0.27487471332254 
          0.66069246132277           0.16023797741203 
          0.75507709865460           0.06777982431232 
          0.84946173598642           0.05264274596663 
          0.94384637331825           0.03870915422352 
          1.03823101065007           0.02931575396009 
          1.13261564798190           0.02192368174798 
          1.22700028531372           0.01614597137970 
          1.32138492264555           0.00847483973960 
          1.41576955997737           0.01117030459573 
          1.51015419730920           0.00708597569208 
          1.60453883464102           0.00863057004315 
          1.69892347197285           0.00451845077511 
          1.79330810930467           0.00635402787616 
          1.88769274663650           0.00377720183170 
          1.98207738396832           0.00476506060110 
          2.07646202130015           0.00444313525726 
          2.17084665863197           0.00299333439557 
          2.26523129596380           0.00220574128063 
          2.35961593329562           0.00262042908418 
          2.45400057062745           0.00225989002730 
          2.54838520795927           0.00164666077967 
          2.64276984529110           0.00177906118308 
          2.73715448262292           0.00150583919548 
          2.83153911995475           0.00133334206307 
          2.92592375728657           0.00148771706920 
          3.02030839461840           0.00098974320154 
          3.11469303195022           0.00094730713408 
          3.20907766928205           0.00106873611900 
          3.30346230661387           0.00069597533014 
          3.39784694394570           0.00074943977985 
          3.49223158127752           0.00075630682627 
          3.58661621860935           0.00074756377161 
          3.68100085594117           0.00071684681766 
          3.77538549327300           0.00046049351604 
          3.86977013060482           0.00047199115334 
          3.96415476793665           0.00062918426138 
          4.05853940526847           0.00047763948626 
          4.15292404260030           0.00034387348347 
          4.24730867993212           0.00033374755651 
          4.34169331726395           0.00032435041984 
          4.43607795459577           0.00028597565344 
          4.53046259192760           0.00025330125657 
          4.62484722925942           0.00028052299613 
          4.71923186659125           0.00022457920327 
          4.81361650392307           0.00019761288689 
          4.90800114125490           0.00020119591527 
          5.00238577858672           0.00014993816895 
          5.09677041591855           0.00014761680403 
          5.19115505325037           0.00013458174928 
          5.28553969058220           0.00011264668600 
          5.37992432791402           0.00010422031384 
          5.47430896524585           0.00009314691452 
          5.56869360257767           0.00008419584491 
          5.66307823990950           0.00008186941415 
          5.75746287724132           0.00007174474121 
          5.85184751457315           0.00007171052991 
          5.94623215190497           0.00005057053996 
          6.04061678923680           0.00005689441954 
          6.13500142656862           0.00004108634600 
          6.22938606390045           0.00004537650148 
          6.32377070123227           0.00004471198290 
          6.41815533856410           0.00003657763689 
          6.51253997589592           0.00003851142243 
          6.60692461322775           0.00003282997493 
          6.70130925055957           0.00003456455491 
          6.79569388789140           0.00002863863627 
          6.89007852522322           0.00003248767566 
          6.98446316255505           0.00003096496629 
          7.07884779988687           0.00002880499781 
          7.17323243721870           0.00002802874861 
          7.26761707455052           0.00002732882313 
          7.36200171188235           0.00002601289116 
          7.45638634921417           0.00002597822791 
          7.55077098654600           0.00002258408192 
          7.64515562387782           0.00002544984418 
          7.73954026120964           0.00002244929249 
          7.83392489854147           0.00002309768113 
          7.92830953587330           0.00002242054914 
          8.02269417320512           0.00002144986544 
          8.11707881053695           0.00002041792573 
          8.21146344786877           0.00002117778894 
          8.30584808520059           0.00002084785874 
          8.40023272253242           0.00001713460791 
          8.49461735986424           0.00001972684106 
          8.58900199719607           0.00001911807236 
          8.68338663452790           0.00001794320852 
          8.77777127185972           0.00001701940710 
          8.87215590919155           0.00001731067211 
          8.96654054652337           0.00001701216456 
          9.06092518385520           0.00001656078345 
          9.15530982118702           0.00001639757555 
          9.24969445851884           0.00001440582014 
          9.34407909585067           0.00001511913323 
          9.43846373318249           0.00001528802800 
          9.53284837051432           0.00001327951775 
          9.62723300784615           0.00001508289335 
          9.72161764517797           0.00001478365201 
          9.81600228250980           0.00001292891366 
          9.91038691984162           0.00001392659170 
         10.00477155717345           0.00001292938581 
         10.09915619450527           0.00001308486592 
         10.19354083183709           0.00001295499734 
         10.28792546916892           0.00001295414843 
         10.38231010650075           0.00001271658174 
         10.47669474383257           0.00001131354200 
         10.57107938116439           0.00001151959359 
         10.66546401849622           0.00001221033511 
         10.75984865582804           0.00001131916835 
         10.85423329315987           0.00001058508258 
         10.94861793049170           0.00001073848951 
         11.04300256782352           0.00000995198271 
         11.13738720515534           0.00001003226342 
         11.23177184248717           0.00000992175426 
         11.32615647981899           0.00000982833705 
         11.42054111715082           0.00000984565550 
         11.51492575448264           0.00000953793402 
         11.60931039181447           0.00000849108853 
         11.70369502914629           0.00000959293553 
         11.79807966647812           0.00000847515567 
         11.89246430380995           0.00000899674763 
         11.98684894114177           0.00000816956552 
         12.08123357847359           0.00000812666499 
         12.17561821580542           0.00000868209500 
         12.27000285313724           0.00000787590096 
         12.36438749046907           0.00000818066405 
         12.45877212780089           0.00000764964714 
         12.55315676513272           0.00000757975966 
         12.64754140246454           0.00000818234374 
         12.74192603979637           0.00000717206006 
         12.83631067712820           0.00000753991962 
         12.93069531446002           0.00000716775329 
         13.02507995179184           0.00000702639744 
         13.11946458912367           0.00000717423722 
         13.21384922645549           0.00000705798951 
         13.30823386378732           0.00000711403107 
         13.40261850111914           0.00000688178263 
         13.49700313845097           0.00000672176542 
         13.59138777578279           0.00000665250836 
         13.68577241311462           0.00000659715327 
         13.78015705044644           0.00000669860948 
         13.87454168777827           0.00000661406461 
         13.96892632511009           0.00000634059271 
         14.06331096244192           0.00000646196570 
         14.15769559977374           0.00000630935952 
         14.25208023710557           0.00000647850529 
         14.34646487443739           0.00000601373706 
         14.44084951176922           0.00000625459226 
         14.53523414910104           0.00000586941002 
         14.62961878643287           0.00000615488059 
         14.72400342376469           0.00000606107292 
         14.81838806109652           0.00000574916886 
         14.91277269842834           0.00000609964270 
         15.00715733576017           0.00000587283057 
         15.10154197309199           0.00000602895697 
         15.19592661042382           0.00000558922259 
         15.29031124775564           0.00000570372721 
         15.38469588508747           0.00000591462246 
         15.47908052241929           0.00000571768788 
         15.57346515975111           0.00000559878336 
         15.66784979708294           0.00000544286599 
