          0.09852885850995          55.57308184112497 
          0.19705771701990          18.09245442857738 
          0.29558657552985           1.15462942015469 
          0.39411543403980           0.80743727233790 
          0.49264429254976           0.39867344039029 
          0.59117315105971           0.30158036245125 
          0.68970200956966           0.17029940361019 
          0.78823086807961           0.05465837116079 
          0.88675972658956           0.04863601428417 
          0.98528858509951           0.02318137901941 
          1.08381744360946           0.01682014126079 
          1.18234630211941           0.01129184814134 
          1.28087516062937           0.01023753954936 
          1.37940401913932           0.01224140649708 
          1.47793287764927           0.00798521796852 
          1.57646173615922           0.00487843817068 
          1.67499059466917           0.00549797595246 
          1.77351945317912           0.00350977124047 
          1.87204831168907           0.00385958354439 
          1.97057717019902           0.00392211915001 
          2.06910602870897           0.00274840832671 
          2.16763488721893           0.00260634420989 
          2.26616374572888           0.00219330736757 
          2.36469260423883           0.00240886886904 
          2.46322146274878           0.00227483396314 
          2.56175032125873           0.00168019213584 
          2.66027917976868           0.00183214366077 
          2.75880803827863           0.00136054303497 
          2.85733689678858           0.00126520169917 
          2.95586575529853           0.00137666811700 
          3.05439461380849           0.00128712550927 
          3.15292347231844           0.00088771615795 
          3.25145233082839           0.00115143633476 
          3.34998118933834           0.00080037230798 
          3.44851004784829           0.00078223991731 
          3.54703890635824           0.00090783717875 
          3.64556776486819           0.00073065473532 
          3.74409662337814           0.00068175170671 
          3.84262548188810           0.00053639740443 
          3.94115434039805           0.00050442416107 
          4.03968319890800           0.00054732553234 
          4.13821205741795           0.00053258338067 
          4.23674091592790           0.00046205305153 
          4.33526977443785           0.00045409384077 
          4.43379863294780           0.00038220916326 
          4.53232749145775           0.00028152162703 
          4.63085634996771           0.00026118027232 
          4.72938520847766           0.00029227797383 
          4.82791406698761           0.00021054888973 
          4.92644292549756           0.00023841965581 
          5.02497178400751           0.00017428206735 
          5.12350064251746           0.00015650705214 
          5.22202950102741           0.00014181338056 
          5.32055835953736           0.00009566293437 
          5.41908721804731           0.00009660971219 
          5.51761607655727           0.00010266759157 
          5.61614493506722           0.00008224004011 
          5.71467379357717           0.00006727642906 
          5.81320265208712           0.00005732957437 
          5.91173151059707           0.00005559513957 
          6.01026036910702           0.00005367767543 
          6.10878922761697           0.00004274362679 
