          0.09340248709944          24.96039904537954 
          0.18680497419889          24.69182797036325 
          0.28020746129833           1.42347197141968 
          0.37360994839778           1.06449127875804 
          0.46701243549722           0.29177456326646 
          0.56041492259666           0.20604564604523 
          0.65381740969611           0.19602504789051 
          0.74721989679555           0.06820878107805 
          0.84062238389499           0.03468258225302 
          0.93402487099444           0.02737851749653 
          1.02742735809388           0.02159983070661 
          1.12082984519333           0.01925245122899 
          1.21423233229277           0.01759230897477 
          1.30763481939221           0.01046983862791 
          1.40103730649166           0.01076326610774 
          1.49443979359110           0.00915717917015 
          1.58784228069055           0.00796768431034 
          1.68124476778999           0.00421258542088 
          1.77464725488943           0.00587633593282 
          1.86804974198888           0.00414659752370 
          1.96145222908832           0.00355683968303 
          2.05485471618776           0.00314840761456 
          2.14825720328721           0.00299960638272 
          2.24165969038665           0.00332182226533 
          2.33506217748610           0.00266753145853 
          2.42846466458554           0.00196829694457 
          2.52186715168498           0.00189343723139 
          2.61526963878443           0.00169744531203 
          2.70867212588387           0.00138222368216 
          2.80207461298331           0.00110328318071 
          2.89547710008276           0.00131126193750 
          2.98887958718220           0.00139905399520 
          3.08228207428165           0.00113940906428 
          3.17568456138109           0.00110945619560 
          3.26908704848053           0.00081821537155 
          3.36248953557998           0.00081820481111 
          3.45589202267942           0.00066967876220 
          3.54929450977887           0.00085848203708 
          3.64269699687831           0.00066710424143 
          3.73609948397775           0.00051339855730 
          3.82950197107720           0.00052925055491 
          3.92290445817664           0.00044166858943 
          4.01630694527609           0.00047777328116 
          4.10970943237553           0.00036767535536 
          4.20311191947497           0.00039959851506 
          4.29651440657442           0.00028760448225 
          4.38991689367386           0.00028981164784 
          4.48331938077330           0.00029891853306 
          4.57672186787275           0.00022745673669 
          4.67012435497219           0.00020683207139 
          4.76352684207164           0.00016543808682 
          4.85692932917108           0.00019768840446 
          4.95033181627052           0.00016916509052 
          5.04373430336997           0.00013165545204 
          5.13713679046941           0.00011046031279 
          5.23053927756885           0.00010501714188 
          5.32394176466830           0.00008418958717 
          5.41734425176774           0.00008402191789 
          5.51074673886719           0.00006853387283 
          5.60414922596663           0.00007137272558 
          5.69755171306607           0.00006658998287 
          5.79095420016552           0.00005756452256 
          5.88435668726496           0.00005603635670 
          5.97775917436441           0.00004455759246 
          6.07116166146385           0.00004064037197 
