          0.09538766217063         273.98119038785978 
          0.19077532434127          12.85750715103798 
          0.28616298651190           3.99717182599221 
          0.38155064868253           1.55860762544953 
          0.47693831085316           0.52075162021090 
          0.57232597302380           0.13458716637041 
          0.66771363519443           0.15548005204002 
          0.76310129736506           0.10385670637472 
          0.85848895953570           0.05675062530968 
          0.95387662170633           0.03911987676442 
          1.04926428387696           0.03436898680743 
          1.14465194604759           0.01509624959827 
          1.24003960821823           0.01485321659792 
          1.33542727038886           0.00959418443983 
          1.43081493255949           0.00618812532768 
          1.52620259473013           0.00627868082712 
          1.62159025690076           0.00554683797424 
          1.71697791907139           0.00455811877215 
          1.81236558124202           0.00427434746165 
          1.90775324341266           0.00485299522199 
          2.00314090558329           0.00310000820750 
          2.09852856775392           0.00267146836070 
          2.19391622992456           0.00280074415913 
          2.28930389209519           0.00273381814587 
          2.38469155426582           0.00249876137155 
          2.48007921643645           0.00190472247833 
          2.57546687860709           0.00166992917583 
          2.67085454077772           0.00142880066668 
          2.76624220294835           0.00157258758197 
          2.86162986511899           0.00126523219489 
          2.95701752728962           0.00136595870117 
          3.05240518946025           0.00092488421080 
          3.14779285163088           0.00124777355769 
          3.24318051380152           0.00110638733065 
          3.33856817597215           0.00096547977936 
          3.43395583814278           0.00102995805833 
          3.52934350031342           0.00080884138453 
          3.62473116248405           0.00071565313313 
          3.72011882465468           0.00071694703234 
          3.81550648682531           0.00062108668837 
          3.91089414899595           0.00065819406781 
          4.00628181116658           0.00050460161366 
          4.10166947333721           0.00039856565678 
          4.19705713550785           0.00041846397169 
          4.29244479767848           0.00040925616908 
          4.38783245984911           0.00034087013555 
          4.48322012201975           0.00025958048371 
          4.57860778419038           0.00020934332394 
          4.67399544636101           0.00023791573788 
          4.76938310853164           0.00018503924509 
          4.86477077070228           0.00018355226829 
          4.96015843287291           0.00017923285193 
          5.05554609504354           0.00013726438306 
          5.15093375721418           0.00011163194216 
          5.24632141938481           0.00009319963425 
          5.34170908155544           0.00009165549203 
          5.43709674372607           0.00008916326285 
          5.53248440589671           0.00006600382725 
          5.62787206806734           0.00005808963015 
          5.72325973023797           0.00005895686895 
          5.81864739240861           0.00005605217822 
          5.91403505457924           0.00004931932761 
          6.00942271674987           0.00004645972100 
          6.10481037892050           0.00003476209254 
