          0.09962240854891         199.10734607674743 
          0.19924481709781          18.77330288248039 
          0.29886722564672           3.15124902224246 
          0.39848963419563           1.09431160519570 
          0.49811204274454           0.54091994449587 
          0.59773445129344           0.24318019483952 
          0.69735685984235           0.08581315060121 
          0.79697926839126           0.06884685622139 
          0.89660167694017           0.03922341120241 
          0.99622408548907           0.03199384225809 
          1.09584649403798           0.01777598201318 
          1.19546890258689           0.02025698126936 
          1.29509131113580           0.00952872478028 
          1.39471371968470           0.00983020324951 
          1.49433612823361           0.00894130698673 
          1.59395853678252           0.00767891824611 
          1.69358094533143           0.00386521578877 
          1.79320335388033           0.00624549246795 
          1.89282576242924           0.00398726913984 
          1.99244817097815           0.00387961355867 
          2.09207057952705           0.00332581964012 
          2.19169298807596           0.00272643159015 
          2.29131539662487           0.00178864268836 
          2.39093780517378           0.00157881015612 
          2.49056021372268           0.00200454284837 
          2.59018262227159           0.00176957312772 
          2.68980503082050           0.00113862119275 
          2.78942743936941           0.00147098844010 
          2.88904984791831           0.00157016943647 
          2.98867225646722           0.00131925653476 
          3.08829466501613           0.00120460727038 
          3.18791707356504           0.00113854304573 
          3.28753948211394           0.00124127208060 
          3.38716189066285           0.00105767952739 
          3.48678429921176           0.00092240599866 
          3.58640670776066           0.00090638358427 
          3.68602911630957           0.00089115461725 
          3.78565152485848           0.00075478941444 
          3.88527393340739           0.00070474889415 
          3.98489634195629           0.00062212793497 
          4.08451875050520           0.00050966744297 
          4.18414115905411           0.00042501799810 
          4.28376356760302           0.00037270196761 
          4.38338597615192           0.00041923753725 
          4.48300838470083           0.00036336586054 
          4.58263079324974           0.00037251485589 
          4.68225320179865           0.00026329067474 
          4.78187561034755           0.00024766988645 
          4.88149801889646           0.00024910825885 
          4.98112042744537           0.00023688737651 
          5.08074283599427           0.00020999980888 
          5.18036524454318           0.00018245332953 
          5.27998765309209           0.00013674238854 
          5.37961006164100           0.00009920298757 
          5.47923247018990           0.00011490249810 
          5.57885487873881           0.00010128258483 
          5.67847728728772           0.00007975018617 
          5.77809969583663           0.00007326578550 
          5.87772210438553           0.00006485260475 
          5.97734451293444           0.00005908714024 
          6.07696692148335           0.00005740254004 
